0
0.000561992
0.000236353
0.00125484
0.000276961
0
0
0
0
0
0
0
0
0
0
0
0.00201052
0
0.000281459
0
0
0
0
0
0
0.000423355
0
0
0
0
0
0
0
0
0
0
0
0
0
0
0
0
0
0.000611367
0
0.000281532
0
0
0
0
0
0
0
0
0
0
0
0
0
0
0
0
0
0
0
0
0.000322559
0.000262449
0
0
0
0
0
0
0
0
0
0
0.000211769
0
0
0
0.00100613
0
0.000467964
0
0
0
0
0
0
0
0
0
0
0
0
0.000197232
0
0
0
0
0
0
0
0.000281691
0
0
0
0
0
0
0.000186342
0
0
0
0
0
0
0
0
0
0
0
0
0
0.000503262
0.000221566
0
0
0
0
0
0
0
0
0
0
0
0
0.000503327
0
0
0
0
0
0
0
0
0.000161412
0
0
0
0.000221604
0
0
0
0
0
0
0
0
0.000503415
0
0.000221633
0
0.000197343
0
0
0
0.000503502
0
0
0
0
0
0.00267688
0
0
0
0
0
0.000373266
0
0.000383539
0
0
0
0.000221922
0
0
0
0
0.000282205
0
0
0
0
0
0
0
0
0
0
0
0.000191803
0.00028223
0.000910583
0
0.000252156
0
0
0
0
0
0
0
0
0
0
0
0.000616986
0
0
0.000383806
0
0
0.000111329
0.000197738
0.000204454
0.000318293
0
0.000817922
0.000695181
0
0.000666664
0
0
0.000282611
0
0
0
0.000282623
0
0
0
0
0
0
0
0
0
0
0.000485713
0.000469655
0
0.000505015
0
0
0
0
0
0
0
0.000282721
0
0
0
0
0
0
0.000234878
0
0
0
0
0.000212636
0
0
0
0
0
0
0
0
0
0
0
0
0.000144311
0
0
0.00103676
0
0
0
0
0.000609228
0.000719971
0
0
0
0
0
0
0.000198143
0
0
0
0.000253506
0.000126764
0.000470249
0
0.000283054
0
0
0
0
0
0.000396407
0.000283091
0.000133325
0.000144494
0.00035124
0
0.000749235
0
0
0
0
0
0
0
0
0
0
0
0.000425978
0.000283239
0
0
0
0.000566504
0
0
0
0
0
0
0
0
0
0
0.000253025
0.000283289
0
0
0
0
0
0
0
0
0
0.0004707
0
0
0
0
0
0
0
0
0
0
0
0
0.000235371
0
0
0
0.000451309
0
0
0
0
0
0.000283375
0
0
0
0.000506249
0
0
0
0
0
0
0
0.000165168
0
0
0.000141156
0
0
0
0
0.000506338
0
0
0.000506382
0
0
0
0
0
0
0
0
0.000171461
0
0
0
0
0
0
0
0
0
0
0.00013078
0
0
0
0
0
0
0
0
0
0
0
0
0
0
0.000283512
0
0
0.000283524
0
0
0.000599168
0.0011769
0
0
0
0
0
0
0.000175133
0
0
0
0
0
0
0
0
0
0
0
0
0
0.00171641
0
0
0.000446542
0
0.00015513
0
0
0
0
0
0.000253623
0
0.000133727
0.00028397
0
0.000111108
0
0
0
0.000183248
0.000205608
0.00037448
0
0
0
0
0
0
0
0
0
0
0.000187915
0
0
0
0
0
0
0
0
0
0
0.000537421
0
0
0.000419607
0
0
0
0.00110558
0.000508135
0
0
0
0
0.000131227
0
0
0
0
0
0
0
0
0
0
0.000284481
0
0.00131239
0
0
0.00018365
0.000183658
0
0
0
0.000284643
0
0
0
0
0
0
0
0
0
0
0
0
0
0.000175678
0
0
0
0
0.000378904
0
0
0
0
0
0.000946065
0
0
0
0
0
0
0
0
0
0.000508692
0.00028478
0
0.000284793
0
0
0
0
0
0
0.000179588
0
0
0
0
0
0
0
0
0
0
0.000569635
0
0
0
0
0
0
0.00166004
0
0
0
0
0
0
0
0
0.000214392
0
0
0
0
0
0
0.000158139
0
0.000285105
0
0.00050934
0.000214439
0
0
0
0.000847893
0
0
0
0.000921713
0.000599446
0
0
0.000285406
0.00105819
0
0
0.000163621
0
0
0
0
0
0
0
0.000255141
0
0
0
0.000303335
0
0
0
0
0
0
0
0.000285683
0
0.000206829
0
0
0.000142293
0
0.000345623
0
0
0
0
0.000960641
0
0
0
0
0
0
0
0
0
0
0
0
0
0
0
0
0
0
0
0
0
0
0
0
0
0
0
0
0
0
0
0
0
0
0
0
0
0
0
0
0
0
0
0
0
0
0
0
0
0
0
0
0
0
0
0
0
0
0
0
0
0
0
0.00135729
0
0
0
0
0
0
0.00028601
0.000858067
0
0
0.00179971
0.000511204
0
0
0
0
0
0
0
0
0
0
0
0
0
0
0
0
0
0
0
0.000156361
0.000255636
0.000286212
0
0
0
0
0
0
0
0
0
0
0
0
0
0
0
0
0
0
0
0
0
0
0
0
0.000346233
0
0.000427689
0.000681351
0.000583836
0.000237915
0.000200538
0.000511655
0.000124764
0
0
0
0
0
0
0
0.000286451
0
0
0
0
0
0
0
0
0
0
0
0
0.000286464
0
0
0
0.000286477
0
0.00047674
0
0
0
0.000225331
0
0
0
0
0
0
0
0
0
0
0
0
0
0
0.000846895
0
0
0
0
0
0
0
0
0
0
0.00022552
0
0
0
0
0
0
0.000286781
0
0
0
0.000286793
0
0
0
0
0
0
0
0
0.000953046
0
0
0
0
0
0
0
0.000256223
0.000256234
0.000286882
0.000286895
0
0
0
0.00031351
0
0
0.000195008
0
0.000215794
0.000431608
0
0.000677068
0
0
0
0
0
0
0
0
0.000173599
0
0
0
0
0.000512763
0
0
0
0
0
0
0
0
0
0
0
0.00030914
0.000512854
0.000512899
0
0
0
0
0
0
0
0
0
0
0.00060981
0
0
0.000804353
0
0
0
0
0
0
0
0
0
0
0.000256563
0.00028725
0.000370712
0
0.000715986
0.000256643
0
0
0
0
0
0.000287339
0
0
0
0
0
0.000513331
0
0
0
0
0
0.000309482
0
0
0
0
0
0
0
0
0.00112821
0.00172699
0.000181435
0.0014774
0
0.00032984
0
0.000702606
0
0.000288027
0
0.000150868
0
0
0
0
0
0
0.000260539
0
0
0
0
0
0
0.00128945
0
0.000558019
0
0.00043364
0
0.000294314
0
0.000257566
0
0.00110289
0
0
0
0
0
0
0
0
0
0
0
0
0
0.00115385
0
0
0
0
0
0.00130314
0.000773351
0
0
0.000650597
0.000217109
0
0
0
0.000306573
0
0
0.000288732
0
0
0
0
0.000288745
0.000227085
0.000288771
0
0
0.000908419
0.00103196
0.000258036
0.000288899
0
0
0
0.000288912
0
0
0.000516141
0
0
0
0
0
0
0.000516187
0.000288976
0
0
0
0
0
0
0
0.000589965
0.000112238
0
0
0.000320671
0
0.00109093
0
0
0
0
0
0.000289311
0
0
0
0
0
0
0.000393266
0.000373406
0
0
0.00107358
0
0.00128652
0
0.000289737
0
0
0
0
0.000481415
0
0
0
0.00198722
0
0
0
0
0
0
0
0
0
0.000290476
0
0
0
0
0
0
0
0
0
0
0
0
0
0
0
0
0
0
0
0
0
0
0
0
0
0
0
0
0
0
0
0
0.000290489
0
0
0
0
0
0
0
0
0
0
0
0.00103792
0.000290554
0
0
0
0.000210356
0
0
0.00029058
0
0
0.000241408
0
0
0
0.000290606
0
0
0
0
0
0
0
0.000897837
0.000581473
0
0
0
0
0
0
0
0
0
0
0
0
0
0
0
0
0
0
0
0
0
0
0
0
0.000228661
0
0
0.000187623
0.000677865
0
0
0
0
0
0.000717981
0.000241657
0
0
0
0.00025984
0.000407403
0
0
0.0004834
0.000241722
0.000550454
0.000203775
0
0
0
0.00111481
0
0
0
0
0.000291193
0
0
0
0
0
0
0
0
0.000183624
0
0
0
0
0
0
0
0.00015681
0.000192645
0
0
0
0
0
0
0
0
0
0
0
0.000229041
0.00024196
0
0.000375885
0
0
0
0
0
0
0
0.000309324
0.000291324
0
0
0
0
0
0
0
0
0
0
0
0
0
0
0
0
0
0
0
0
0
0
0
0
0
0
0
0
0
0
0.000291337
0
0.00032835
0
0
0.000291376
0
0
0
0.00126685
0
0
0.000229618
0.000220222
0
0
0
0
0
0
0
0
0.000292018
0
0.000290885
0
0
0
0
0
0
0
0
0
0
0
0
0
0
0
0
0
0
0
0
0
0
0
0
0
0.000292058
0
0.00175242
0
0
0
0.000866824
0
0.000292215
0
0
0
0
0
0
0
0
0.00108954
0
0
0
0
0
0
0
0
0
0
0
0
0
0
0.000292334
0
0
0
0
0
0.000292347
0
0
0
0
0
0
0
0
0
0
0
0
0.000496021
0
0
0
0.000292413
0
0
0
0
0
0
0
0
0
0
0
0
0.000292426
0
0
0
0
0
0
0
0
0.000242941
0
0.00018441
0.000211731
0
0
0
0.000155289
0.000582688
0
0
0.000157523
0
0
0
0
0
0
0
0
0.000353894
0
0
0
0.000292584
0.000460208
0
0
0
0
0
0
0
0
0.00129163
0
0.000243171
0
0.00132086
0.000292808
0.000292822
0
0
0
0
0
0
0.00162653
0.00151223
0.00029306
0
0.000785326
0
0.000293112
0
0
0
0
0.000879377
0
0
0
0
0
0
0.000293165
0
0
0.000293179
0
0
0
0
0
0
0
0.00102647
0.000243622
0.000449031
0
0
0
0
0
0
0
0
0.000230665
0
0
0
0
0.000524
0
0
0
0
0
0
0
0
0.00116428
0.00035495
0
0
0
0
0.0003553
0
0
0
0
0.000136784
0
0
0
0
0
0
0
0
0
0
0
0
0
0
0
0
0
0
0
0
0
0
0
0
0
0
0.00124403
0
0.000262273
0
0
0
0
0.000230926
0
0
0
0
0
0
0
0
0
0
0
0
0
0.000362466
0
0
0
0
0.000270956
0
0
0
0
0.000390939
0
0
0
0.000218426
0.000441862
0
0
0
0
0
0
0
0
0
0
0.00195259
0
0
0
0
0
0
0
0
0
0
0
0
0
0
0
0
0
0
0
0
0
0
0
0
0
0
0.000231135
0
0
0
0
0
0
0
0
0
0
0.000293922
0
0
0
0
0
0
0
0
0
0.00011958
0
0
0
0
0
0
0
0
0
0
0
0
0
0
0.000126888
0
0
0
0
0
0
0
0
0.000181422
0.000262581
0.000185379
0
0
0.000331339
0
0
0
0
0
0.000462459
0
0
0
0
0
0
0.000244284
0.000174503
0
0
0
0
0
0
0.000294082
0
0
0
0
0
0.000294095
0
0.000599653
0
0
0
0
0
0
0
0.000525472
0
0
0.000244383
0
0
0
0
0.000442483
0
0
0
0
0
0.00113821
0.000486011
0.000201547
0
0
0
0
0
0
0
0
0
0
0.000457228
0.000223714
0
0
0
0.000406445
0
0
0.000429577
0
0.000296717
0
0
0
0
0
0
0
0
0
0
0
0
0
0
0
0.000531623
0
0
0
0
0.000759802
0
0
0
0.0014988
0
0.00012086
0.00043372
0.000670378
0.000234319
0
0
0
0
0
0
0.000447021
0
0.00023375
0.000531007
0
0
0.000297274
0
0.00142061
0
0
0
0
0
0
0
0
0
0
0
0.000531859
0.000158089
0
0.000697886
0
0.000760094
0.00425434
0
0
0.000532959
0
0
0
0
0
0.000298367
0
0
0
0
0
0
0
0
0
0
0
0
0
0
0
0.000266516
0
0
0
0
0
0
0
0
0.000208936
0
0
0
0
0.000298408
0
0
0
0
0
0
0
0
0
0
0
0
0
0.000298422
0
0.000683821
0.000266614
0.000432204
0
0
0
0
0
0
0
0
0
0.00074084
0
0
0
0.000246979
0.000530384
0
0.000891165
0
0
0
0
0
0
0
0
0
0
0.00146687
0
0
0
0
0
0.000292962
0.000465074
0.00198267
0
0.00021066
0.00030087
0
0
0.000134766
0
0
0.000268765
0
0
0
0
0
0
0
0
0.000784046
0
0
0.000301135
0
0
0
0
0
0
0
0
0
0
0
0.00211434
0
0
0
0.000427971
0
0
0.000476511
0.000714833
0
0
0
0
0
0
0
0
0
0
0.000251742
0
0
0
0
0
0
0
0.000276808
0
0
0
0.000141248
0
0.000385668
0
0
0.000195596
0.00148714
0
0
0
0
0.000314608
0
0
0
0
0.000439603
0
0.000219822
0
0
0.000180193
0
0
0
0
0
0
0.000303671
0
0.000303685
0
0
0
0
0
0.000456788
0
0.000292558
0.00030377
0
0
0
0
0
0.000200948
0
0
0
0
0
0
0
0
0
0
0
0.000588079
0
0
0
0
0.000238947
0
0
0
0
0
0
0
0
0
0
0
0
0
0.000303856
0.000542839
0
0.000271445
0
0.000303913
0
0
0.000303927
0.000542966
0.000543017
0
0.000303998
0.000206615
0
0
0
0
0
0
0
0
0
0
0
0
0
0
0
0
0
0
0
0
0
0
0
0
0.000221422
0
0
0
0
0
0.000348349
0
0
0
0
0
0
0
0
0
0
0
0
0
0
0.000304083
0
0.000912293
0
0
0
0
0
0
0
0.000543322
0.000304169
0
0
0.000608366
0
0.00054345
0
0.00050549
0
0
0.000271776
0
0
0
0
0
0
0
0
0
0
0.000196339
0
0
0
0.000304297
0.000206819
0.000304326
0.00030434
0
0
0
0
0
0
0.000505679
0
0.000543755
0
0
0
0
0
0.000136346
0
0
0.000129123
0
0
0.000543857
0
0.000543908
0
0.000304497
0
0.00025297
0
0
0.000243866
0
0
0
0
0
0
0
0.000304554
0
0
0
0
0.000304569
0
0
0
0
0
0
0
0
0
0
0
0
0
0
0
0.000609166
0
0
0
0
0
0
0
0
0
0
0
0
0
0
0
0.000253053
0
0
0.000272095
0
0
0
0
0
0
0.000355077
0
0
0
0
0.000247892
0
0
0
0
0
0
0
0
0
0
0
0
0
0
0
0
0
0
0
0
0
0
0
0
0
0
0
0.000640048
0
0.00030474
0
0
0.000478868
0
0
0
0
0
0
0
0
0
0
0
0
0
0
0
0
0
0
0
0.000564326
0
0.000914521
0
0
0
0
0
0
0
0
0
0
0
0
0
0
0.00121953
0
0
0
0.00183462
0
0
0.000544956
0.000545007
0
0.00017478
0
0.000305127
0.00136582
0
0
0
0
0
0
0
0.000253672
0
0
0
0
0
0
0.000305371
0
0.000169395
0
0
0
0
0
0
0
0.00203186
0.000240296
0
0.000985851
0
0
0
0
0
0
0.000611288
0.000611345
0.000164608
0.000229911
0
0
0
0
0
0.000156036
0.000305745
0.000305759
0
0
0
0
0
0
0
0
0
0.000305773
0.000428226
0.00154977
0
0
0
0
0
0
0
0
0.000415821
0
0.000305946
0
0
0.000305961
0
0
0
0
0
0.000305975
0
0.000377689
0.000306019
0
0
0
0
0.000214285
0
0
0
0
0
0
0.000838182
0
0
0
0.00164073
0
0
0
0
0.000273532
0.000306249
0
0
0
0
0
0
0
0
0
0
0
0
0
0
0
0
0.000273558
0.00257348
0.000306452
0
0.000306466
0
0
0
0
0
0
0
0.000306481
0.00101155
0
0.000556525
0
0
0
0
0
0.000547995
0.00289514
0
0.000306959
0.00024141
0
0.000652994
0
0
0
0.000274282
0.00030709
0
0
0.000548617
0.000307133
0.000307148
0
0
0
0
0
0
0
0
0
0.000307162
0
0
0
0
0
0
0
0
0
0
0.000510369
0
0
0
0
0
0
0
0
0
0
0
0
0
0
0
0.0030625
0.00030738
0
0
0
0
0
0
0.000255366
0.00109832
0
0
0
0
0
0
0
0
0
0
0.000274633
0
0.000307482
0
0
0
0
0
0
0
0
0
0
0.000307497
0
0
0
0.00145985
0
0.000170639
0.000241936
0
0
0
0
0
0.000549605
0
0
0
0
0.000231393
0
0.000112049
0.00037223
0
0.00123098
0
0
0
0
0
0
0
0.000418384
0
0
0.000824876
0.000274998
0.000307891
0
0
0
0.000307905
0
0
0
0
0
0
0
0.00030792
0
0
0
0
0.000242166
0
0
0
0.000307949
0
0
0
0
0
0
0.000222951
0.000767551
0
0.000255887
0
0
0
0
0
0
0
0
0
0
0
0
0
0
0
0
0
0
0.000308037
0
0
0
0
0
0.00397785
0
0
0
0
0
0
0.000308329
0
0.000308344
0
0.0002158
0.00055091
0.000190343
0
0
0
0
0
0
0
0.000310949
0
0.000323129
0
0
0
0
0
0
0
0.000308491
0
0
0
0
0
0
0
0
0
0.00027556
0.00194101
0.00137839
0
0
0
0.000275743
0
0
0
0.000308725
0
0
0
0
0
0
0
0
0
0
0.00061748
0.000275796
0
0
0.000232218
0
0
0
0.000513064
0.000308828
0
0.000308843
0
0
0
0
0
0
0.000308857
0
0
0.000308872
0
0
0
0
0
0
0
0
0
0.000308887
0
0
0
0
0
0
0.00135018
0
0
0
0
0
0
0
0
0.000473142
0
0
0.000276058
0.000447514
0.000232461
0
0.000865791
0
0
0
0
0
0
0
0
0
0
0
0
0
0
0
0
0.000309181
0.000216499
0.000243169
0
0
0
0.000276203
0
0
0
0
0
0
0
0
0
0
0
0.00030924
0
0
0
0.000309255
0
0.000618539
0
0
0
0
0
0.000309299
0
0
0
0
0
0
0
0
0
0
0
0
0
0
0
0.000513919
0
0
0
0.000309343
0.000309358
0
0
0
0
0
0.000552669
0
0
0
0
0
0
0
0
0
0
0.000257033
0
0
0
0
0.000309417
0.000257057
0
0.000309446
0
0
0
0.000309461
0
0.000309476
0.0011539
0
0
0
0
0.000486964
0
0
0.000309638
0
0
0
0.00055317
0
0
0
0
0
0
0
0
0
0.000309682
0
0
0
0
0.000309697
0
0
0
0.000309712
0
0.000276651
0
0
0.00123897
0.000586049
0
0.000553513
0
0
0
0.000553566
0
0
0
0
0
0
0
0
0
0
0
0
0.00100122
0
0
0
0
0
0
0.000309993
0
0
0
0
0.000553804
0
0
0
0
0
0.000500499
0
0
0
0.00021713
0
0
0
0
0
0
0
0
0
0
0
0
0
0
0
0
0.000310111
0
0
0
0
0
0
0
0
0
0
0
0
0
0
0
0
0
0
0
0
0
0
0.000975557
0
0
0
0
0
0
0.000310186
0.000158317
0
0
0.000930645
0
0
0
0
0
0
0
0
0.00248208
0
0.00128922
0
0
0
0
0.000310452
0.00110925
0.000391754
0
0
0
0
0
0
0
0
0
0
0
0
0
0
0
0.000310571
0
0
0
0
0
0
0
0
0
0
0
0.000310586
0
0
0
0
0
0
0
0
0
0
0.00022486
0.000200425
0
0
0
0
0
0
0
0
0
0
0
0
0
0
0
0
0
0
0
0
0.00240826
0
0
0
0
0
0
0.000369601
0
0
0
0
0
0.000691036
0
0
0
0
0
0.000244978
0
0
0
0
0
0
0.000311525
0
0
0
0
0
0.00019227
0
0
0.00075339
0
0
0
0
0
0.00034575
0
0
0
0
0
0
0
0
0
0
0
0
0
0.000556809
0
0
0
0
0
0
0
0
0
0
0
0
0
0
0
0
0
0.00031172
0
0
0
0
0
0
0
0
0
0
0
0.000556889
0.000468919
0
0
0
0
0
0
0
0
0
0.000423809
0.00103618
0
0
0
0
0
0
0
0.000319162
0
0
0
0
0
0.000311929
0.000557263
0.000490685
0
0
0
0
0
0
0.000225876
0
0.000490756
0
0.000212078
0
0
0
0
0
0
0
0
0
0
0
0
0
0.000244189
0
0
0
0
0
0
0
0
0
0
0
0
0.000777809
0
0.000312139
0
0
0
0
0
0
0
0
0
0
0
0
0
0
0.000637257
0
0
0
0
0
0.000188836
0
0
0
0.000202873
0
0
0
0
0
0
0
0
0
0.000312259
0
0
0
0.000312274
0.000312289
0.000278953
0
0
0.00031232
0
0
0
0.00112562
0
0
0
0
0
0
0
0
0
0
0.00031253
0
0
0
0
0
0
0
0
0.000312545
0
0
0
0
0
0
0
0
0
0
0
0
0
0
0
0
0
0
0
0
0
0
0.00031256
0.000312575
0
0
0
0
0
0
0
0.00031259
0
0
0
0.000279222
0
0.00031262
0
0
0
0
0
0
0.000245862
0
0
0.000327517
0
0.000279289
0
0.00023516
0.000312711
0.00027933
0
0.000176229
0
0
0.000312756
0.00103446
0
0.000235273
0
0.000312861
0.000104119
0.000625783
0
0
0
0
0
0
0
0
0
0
0
0
0.000193123
0
0
0
0
0
0
0
0.000625873
0
0
0
0.000312967
0
0
0
0
0
0
0.00141225
0.000279639
0
0
0
0
0
0
0.00090664
0
0
0
0.000559414
0
0.000202078
0
0
0
0
0
0.00134123
0
0
0.00023567
0
0
0
0
0
0
0.00251931
0
0.000313526
0.000520943
0.00056017
0
0
0
0
0.000454065
0
0
0
0
0
0
0
0.000781641
0
0
0
0.00104476
0
0
0.000522736
0
0
0
0
0
0
0
0.0010521
0
0
0
0
0.000382014
0
0.000444889
0
0
0
0
0
0
0
0
0
0.000823423
0
0
0
0.000315063
0
0
0
0
0
0
0
0.000321613
0.000705689
0
0
0
0
0.000228179
0
0.000315201
0.00108341
0.000262957
0
0
0
0
0
0.0013776
0
0
0
0
0
0.000198996
0
0
0
0
0
0.000315599
0
0
0
0
0
0
0
0
0.000315615
0.000281924
0
0.000169962
0
0
0.00121554
0.000512187
0.000184095
0.000282171
0
0
0
0.000524898
0
0
0
0.001021
0.000316322
0
0.000443
0.000237922
0
0
0
0
0
0
0.000664597
0.000882975
0.00142211
0
0.000320729
0
0
0
0
0
0
0
0
0
0
0
0
0
0
0
0
0.000140819
0
0
0.000317405
0
0
0
0
0
0.00031742
0
0.000317436
0
0
0
0
0
0
0
0.000317451
0
0
0
0
0
0
0
0
0
0
0
0
0
0
0
0
0.000192013
0
0
0
0.000204855
0
0.000952494
0
0
0
0
0.000188434
0.000391971
0
0
0
0
0.000528496
0
0.00114977
0
0.000851359
0.000283828
0
0.000283842
0.0013804
0.000999968
0.00056799
0
0
0
0
0.00031798
0
0
0
0.000196254
0
0
0
0
0.000568101
0
0.00100355
0
0.000420965
0
0
0
0
0
0
0
0.000493504
0
0
0
0
0
0
0
0
0.000318276
0
0.000318292
0
0
0
0
0.00095752
0.00031837
0
0
0
0
0
0
0
0
0
0
0
0
0.000264496
0
0
0
0
0
0.000478901
0
0.00052907
0
0
0
0
0
0
0
0
0
0.00144022
0.00126457
0
0.00227742
0
0
0
0.000714224
0
0
0
0
0
0
0
0
0
0.0004467
0
0
0
0
0.000162814
0
0.000185923
0
0
0
0
0
0
0
0.000319043
0.000319058
0
0.00057
0
0.000795282
0
0
0.000223471
0
0
0.00256475
0
0.000251296
0
0
0.000319561
0
0.000644873
0
0.00116791
0
0
0
0
0
0
0
0
0
0
0
0
0
0.00222859
0
0
0.00098756
0.000481475
0
0
0
0
0
0
0
0
0
0.000285956
0
0
0.00028597
0.000318919
0
0.000206614
0
0
0.00103405
0
0
0
0
0
0
0
0
0
0.000320334
0.000320349
0.000320365
0.000269458
0.000295617
0
0
0
0
0
0.000211968
0
0
0
0.000286238
0.00160238
0
0
0.00064111
0
0
0
0
0
0
0.000572702
0
0
0
0
0
0
0
0
0.000320618
0.000780136
0
0
0
0
0
0
0.0013078
0
0
0.000266509
0
0
0
0
0
0
0
0
0
0
0
0
0
0
0.000320824
0
0.00042446
0
0
0.000320872
0.000266575
0.000232318
0
0
0.00023233
0.000971291
0.000224875
0.000800436
0.000321221
0
0
0
0.00224931
0.00248857
0
0.000321587
0.000643206
0
0
0
0
0
0
0
0
0
0
0
0
0.000574575
0
0
0
0
0
0
0.000225231
0
0
0
0
0.00028733
0
0.000534497
0.000763674
0.000321794
0
0
0
0
0.00126722
0
0
0
0
0
0.00127774
0
0
0
0
0
0
0
0
0
0.000184473
0
0
0
0
0
0
0
0
0
0
0
0
0
0
0
0
0
0
0
0
0
0.000506045
0.000685134
0
0
0
0.000528103
0
0.00106579
0
0
0
0
0.000966965
0
0
0
0
0
0
0
0
0
0
0
0
0
0
0
0.000535611
0.000322402
0.000178842
0
0
0
0
0
0.000322434
0
0
0
0
0
0.00032245
0
0
0
0
0
0
0.000644931
0
0
0
0
0.000322498
0.000322514
0.000576173
0
0
0.000253669
0
0.00225804
0.00032269
0
0
0.000493877
0
0
0
0.000253833
0
0
0
0
0
0
0
0
0
0
0
0
0
0
0
0
0
0.000288316
0
0.000268165
0.00101548
0
0
0
0.000322883
0.000576832
0.000322931
0
0.000576918
0
0
0
0
0
0
0
0
0
0
0
0
0
0
0
0.000322979
0
0
0
0
0
0
0
0.000407484
0
0
0.000577091
0
0
0.000646151
0.000646215
0
0
0
0
0
0
0
0
0
0
0
0
0
0
0
0
0
0
0
0
0.000288631
0.000323156
0
0
0
0
0
0
0.00057732
0
0
0
0
0
0
0
0
0
0
0
0
0
0
0
0
0.000577378
0
0.000254199
0
0
0
0.000834314
0
0.00181109
0
0.000243244
0.000577838
0.000763205
0
0
0
0.00026878
0
0
0
0.000268793
0
0
0
0
0
0
0
0
0
0
0.000323575
0
0
0
0
0
0
0
0
0
0
0
0
0.000578069
0.000137265
0.000323639
0.000323655
0
0
0
0
0
0
0
0
0
0
0
0
0
0
0.000323671
0
0
0
0
0
0
0.000323687
0
0
0
0
0
0
0
0
0
0
0
0
0.000289135
0.000169556
0
0
0
0
0
0
0
0
0
0.000578328
0
0
0
0.00265368
0
0.000360333
0
0.000204831
0
0
0
0
0.000335851
0
0
0.000204862
0
0
0
0
0
0
0.000349894
0
0
0.000324935
0.000324951
0
0
0
0
0.000580528
0.000419413
0
0
0
0
0
0
0
0
0
0
0
0
0
0
0
0
0
0
0.000757692
0.000325098
0
0
0.000137898
0
0
0
0
0.000366421
0
0.000860358
0.000511531
0.000474836
0
0.000168161
0.000205139
0
0.000840891
0
0.000325424
0
0
0.000764426
0
0.000196914
0
0
0
0
0
0
0
0
0
0.000540957
0
0
0
0
0
0
0
0
0
0
0
0
0
0.000270506
0.000430805
0
0
0
0
0
0
0
0
0
0
0
0
0
0
0.000410711
0.000512275
0.00061619
0
0.000490004
0.000582043
0
0
0.000215543
0
0
0
0
0.000180755
0.000410979
0
0
0.0002215
0
0
0
0
0
0
0
0
0
0
0
0
0
0
0
0
0
0
0.00032593
0.000707908
0
0
0.000291182
0.000270832
0
0.000291212
0
0
0
0
0
0.000582453
0.000291256
0.000443246
0.000197251
0
0.000534577
0
0.000326192
0
0.000326209
0
0.000326225
0.000326241
0
0
0
0
0
0
0
0
0
0.000326258
0
0
0
0
0
0
0.00105264
0.000236266
0.00160328
0
0
0.000806386
0.000775511
0
0.00017596
0
0
0
0
0
0
0
0
0
0
0.000403376
0
0
0
0.00058386
0
0
0.000583919
0.000271568
0.000326915
0
0
0
0.00051421
0.000257131
0
0
0
0.000491806
0.000228975
0.000206214
0
0
0
0
0.0002661
0.000412491
0
0
0
0.000654225
0
0
0
0.00137441
0
0.00206223
0
0
0
0
0
0
0
0.000292431
0.000750211
0
0
0
0
0
0
0.000422607
0
0
0
0.000292534
0
0
0.00065505
0
0.000246337
0
0
0
0
0
0.00027213
0.000327591
0.000222652
0.000292637
0
0
0
0
0
0
0
0.00036925
0
0
0
0
0
0.000683176
0
0
0.000257754
0
0
0
0
0
0
0.000327773
0
0
0
0
0
0
0
0.000194514
0
0
0
0
0
0
0
0
0
0
0
0
0
0.000493047
0
0
0
0
0.00027235
0
0
0
0
0.000237352
0.000493147
0
0
0
0
0.000458459
0
0
0.000327955
0
0
0
0.000655944
0
0.000179209
0.000689044
0.000238934
0
0
0
0.000328105
0
0
0
0
0
0
0
0
0
0
0.000202503
0.000328138
0.000211742
0
0
0
0
0.000328171
0
0
0.000442252
0.000434268
0
0.000516342
0.00117304
0.00117327
0
0
0
0
0
0
0
0
0
0
0
0
0
0
0
0
0
0
0
0.000328453
0
0.000434554
0
0
0
0
0
0
0.000516185
0
0
0.00103352
0
0
0
0
0
0.000985858
0
0
0
0
0.00103048
0.000546272
0.00049457
0
0.000741931
0
0
0
0
0
0
0
0
0.000460596
0
0
0
0
0.00027326
0
0
0.00053352
0
0
0
0
0
0
0
0
0
0
0
0
0
0
0
0
0
0
0
0
0
0.000776319
0
0.000476508
0
0
0
0
0.000329136
0
0
0.000139611
0
0.000238302
0.000230496
0
0
0
0
0
0
0.000329203
0
0
0
0
0
0
0.000331906
0
0.000294092
0
0
0
0
0
0
0
0.000258944
0
0
0.000329286
0
0.000207647
0.000294151
0
0
0.00054804
0
0
0
0
0
0
0
0.000850146
0
0
0
0
0
0
0.00021258
0
0
0
0
0
0
0
0
0
0
0.000398546
0
0
0
0
0
0
0
0
0
0
0
0
0
0
0
0
0
0
0
0
0
0
0
0.000136257
0
0
0
0.000715669
0.00032957
0
0.000588781
0
0
0.00051844
0.00029445
0
0
0
0
0
0
0
0
0
0
0
0
0.00253919
0
0
0
0
0
0
0.000427164
0
0
0.000924
0
0
0
0
0
0
0
0
0.000511715
0
0
0.000476435
0
0
0
0
0
0
0
0
0
0
0
0
0
0
0
0
0.000589649
0
0
0
0
0.000391778
0
0.000462329
0.000224395
0.000372123
0.000998644
0
0
0
0.000295034
0.000330325
0
0
0.000378465
0
0
0.00109456
0
0
0
0
0
0
0
0
0
0.000330779
0
0
0
0.000330796
0.000330813
0
0
0
0
0
0
0
0
0.000248797
0.000260184
0
0.000330864
0
0
0.000200126
0.000330897
0.000213522
0
0
0
0
0
0
0
0
0
0
0
0
0
0
0.000549836
0
0
0
0.000218927
0
0
0
0
0
0
0
0
0
0
0
0
0.000218939
0
0
0
0
0
0
0
0
0
0
0
0
0
0
0
0
0.000260304
0
0
0
0
0
0.000331015
0
0.000400436
0
0.000520713
0
0
0
0
0
0
0.000275058
0.000331117
0
0
0
0
0
0
0
0
0
0
0
0.000331134
0.000331151
0
0
0
0
0
0
0
0
0
0
0
0
0
0
0
0
0
0
0
0
0
0.000331167
0
0
0.000331184
0
0
0
0
0
0.000538961
0
0
0
0.000260516
0
0
0.000196589
0.000275227
0
0.00023199
0
0
0.000196619
0.000275269
0
0
0
0.00033137
0
0
0
0.000295998
0
0
0.000249229
0.00208855
0.000331573
0.00033159
0
0
0
0
0
0.000331607
0
0
0
0
0
0
0
0
0.000331624
0
0
0
0
0
0.000331641
0
0
0
0
0.000802385
0.000614184
0
0
0
0
0
0.000649034
0
0
0.000331861
0.000151571
0
0
0
0.000522018
0
0
0.000331929
0.000209314
0
0
0
0
0
0
0
0.00085979
0
0
0
0
0
0
0
0
0.000332065
0
0
0
0
0.000261156
0.000261169
0
0
0
0
0
0
0
0.00134359
0.000165525
0
0
0.000788931
0
0.000402137
0
0
0
0
0
0
0
0.000276199
0
0
0
0.00033249
0.000332507
0
0
0
0
0
0.000276242
0
0
0
0
0
0
0
0
0
0
0
0
0
0
0
0
0
0
0
0
0.00017656
0
0
0.000240756
0
0
0
0
0
0.000176578
0
0
0
0
0
0
0.00059415
0
0
0.000226063
0
0
0
0
0
0
0
0
0.000332644
0
0
0
0
0
0
0.000297136
0
0
0
0.000297151
0
0
0
0
0.000332695
0
0
0
0.000465931
0
0
0
0.000297212
0
0
0
0
0.000516106
0
0.000553022
0
0
0.000332882
0
0.000592639
0
0
0
0.000353555
0
0
0
0
0
0
0.000594851
0
0.000594912
0
0
0.000210012
0.000214914
0
0.000333087
0
0
0
0
0
0
0
0.000297532
0
0
0
0.000241164
0
0
0
0
0
0
0
0
0
0
0.000723528
0
0
0
0
0
0
0
0
0
0
0.0013998
0
0.000627842
0
0
0.00100008
0
0
0
0.000708091
0
0.000250791
0.000297884
0
0
0.000973772
0
0
0
0
0.00119188
0.00048322
0
0
0.000894386
0
0
0
0
0
0
0
0
0
0
0
0
0
0
0
0
0
0
0
0
0
0
0
0
0
0.000333824
0
0
0.000333841
0.000333858
0
0
0.000298221
0.00141822
0
0.000454033
0.000788144
0
0.00125634
0.000832906
0.000525727
0
0
0
0
0.000597178
0
0.00059724
0
0
0
0
0
0.00100307
0
0
0
0
0
0
0
0
0
0
0
0
0
0
0
0
0
0.000298697
0
0
0
0
0
0
0
0
0.000396904
0
0
0
0
0
0
0.0022228
0.00140203
0.000334736
0.000334753
0
0
0.000334771
0.000251774
0
0.000834409
0
0
0
0
0
0
0.000390297
0
0
0
0
0
0.000334891
0.000633711
0
0
0
0.000191918
0.00144755
0
0
0
0
0
0
0
0
0
0
0
0
0
0
0
0
0
0
0
0
0
0
0
0
0
0
0
0
0
0
0
0
0
0
0
0
0
0
0
0
0
0
0
0
0
0
0
0
0
0
0
0
0
0
0
0
0
0
0
0
0
0
0
0
0
0
0
0
0
0
0
0
0
0
0
0
0
0
0
0
0
0
0
0
0
0
0
0
0
0
0.000239282
0
0
0
0
0.00025701
0
0
0
0
0
0
0.000341769
0
0
0.000610574
0
0
0
0
0
0
0
0
0
0
0.000341823
0
0
0
0
0.000452243
0
0
0.00273501
0.000342021
0
0
0
0
0
0
0.000305512
0
0
0
0.000517272
0
0
0
0
0
0
0
0.00124669
0.00129859
0.000308553
0.000345461
0
0
0
0.00276384
0
0
0
0
0.000345627
0
0
0
0
0
0
0
0
0.000591557
0
0.000345719
0.000484171
0
0
0
0
0.000260036
0.000164594
0
0.000851081
0
0
0
0.000308964
0
0
0
0
0.00061796
0
0
0
0.000345958
0.00019928
0
0
0
0
0
0
0
0.000992136
0
0
0
0.000661537
0
0
0
0
0
0.000370357
0
0
0
0
0.000370378
0
0.000370399
0
0
0
0
0
0
0
0
0
0
0
0
0
0
0
0
0
0
0.00037042
0
0
0
0
0
0
0
0
0.00132353
0
0
0
0
0
0.000219874
0
0
0.000278666
0.000194094
0.000678245
0
0.000360796
0
0
0
0
0
0
0
0
0
0
0
0
0
0
0.000259606
0
0
0.000822674
0
0
0
0
0
0
0
0
0
0
0
0
0
0
0
0.000278905
0
0
0
0
0
0
0.000662557
0
0.000370928
0.000370949
0.000158725
0
0
0
0
0.00214711
0
0
0
0
0
0
0
0.000777595
0.000615706
0.00029752
0.000265839
0.00138883
0
0.00112247
0
0
0
0
0.000380273
0
0
0.000339683
0
0
0
0.000234717
0
0
0
0.000380339
0
0.000428666
0
0
0
0
0
0
0.00152163
0
0
0.000679724
0
0.00149632
0.000380652
0
0.000340022
0.00143149
0
0.000380808
0
0
0
0
0
0
0
0
0.000480277
0.000251942
0
0
0
0
0
0
0
0
0
0
0
0
0
0
0.000517737
0.00135063
0
0
0.00117136
0
0
0
0.000648288
0
0
0
0.00120227
0
0.00143981
0
0
0
0
0.000385771
0.000246933
0.000876938
0
0.000301046
0
0
0
0
0
0.000277149
0.000247035
0
0
0
0
0
0.000463561
0
0
0.000251807
0
0
0.000231642
0
0
0
0
0
0
0.000301206
0
0
0.000766065
0
0
0
0
0
0
0
0
0
0
0.000383078
0.0030797
0.000383304
0.00114998
0
0
0
0
0
0
0
0
0
0.000684903
0
0.000342492
0
0.000648241
0
0.000342573
0
0
0.000383553
0.000318652
0
0
0.000603338
0.000342674
0.000685388
0.000383711
0
0.000328373
0
0
0.000253863
0.000413324
0
0.000685713
0.00194691
0.000980159
0.000522242
0.000807171
0.000343283
0
0
0
0
0
0
0.000269121
0
0.000567588
0.000621014
0
0
0
0.000289165
0
0
0
0
0
0
0
0
0.000567874
0.000343547
0
0
0
0
0
0
0
0
0
0
0
0
0.00137427
0.000769469
0
0
0
0.000672728
0
0.000523108
0
0
0
0
0
0.000319748
0
0
0.000710558
0.000398066
0.000220587
0
0
0.00218725
0
0
0.00115463
0
0
0
0
0
0
0
0.000797456
0
0.000385763
0.000181682
0.000303408
0.000279324
0
0
0
0
0.000224869
0.00064113
0
0
0
0
0
0
0.000157003
0
0
0
0.000385947
0
0
0
0
0
0
0.00019456
0
0
0
0
0
0
0
0
0.000771986
0.000344813
0
0
0.000580668
0
0.000747408
0
0
0
0
0
0
0
0
0.000730529
0
0.00152354
0
0
0
0
0
0
0
0
0
0
0
0
0
0
0
0.000229298
0
0
0
0
0
0
0.00128409
0
0
0
0
0.000345245
0
0
0
0
0
0
0
0
0
0
0
0
0
0
0
0
0
0
0
0
0
0
0
0.000642237
0
0
0
0
0
0
0
0
0
0
0
0
0
0
0.00107692
0.000321405
0.000676457
0
0
0
0
0.000386982
0
0
0
0
0.000488065
0
0
0
0
0
0
0.000643079
0
0
0
0
0
0
0
0
0.000542092
0
0
0
0
0
0
0.000636424
0
0
0
0
0
0
0.0116494
0.000776371
0
0
0
0
0
0
0
0
0.000388232
0
0
0
0
0.000167598
0.0018321
0.000305459
0
0.00211446
0
0
0
0
0.00038865
0
0
0
0.000876894
0
0.00103237
0.000283341
0
0.00408113
0
0.000942976
0
0
0
0
0
0
0
0
0
0
0.000586387
0
0
0
0
0
0
0
0
0.000389911
0
0
0.000613303
0.000707615
0
0
0
0.000348397
0
0.00106447
0
0
0
0
0
0
0
0
0.00111457
0.00130234
0.00034888
0
0.000348901
0.000390638
0
0
0.000871464
0.000324656
0.000546431
0.000390897
0
0
0
0.00129901
0.00158517
0
0
0.000308076
0.000783539
0.000391817
0
0
0
0
0
0
0
0
0
0.00039184
0.000391864
0
0.000391888
0
0
0
0
0.000259242
0
0.00035008
0
0
0
0
0
0
0
0.00235175
0
0
0
0.000392101
0.000392124
0
0
0
0
0
0
0
0
0
0
0
0
0
0
0
0.00018276
0
0.000283913
0.000700626
0
0
0
0.000484153
0
0
0.000350397
0
0
0
0
0
0.000392314
0.000617084
0
0
0
0
0
0.000392385
0
0
0
0
0
0
0
0.000350503
0
0.000449601
0
0
0
0
0
0
0.000701134
0.000652177
0
0
0
0
0
0
0.000392575
0
0
0.000564176
0.000508541
0
0
0.00239603
0.000393217
0
0
0
0.000702493
0.000393288
0
0
0
0.000688809
0
0
0
0
0
0
0
0
0
0.000401859
0
0
0
0
0
0
0
0.00120565
0.000401959
0
0
0
0
0
0
0
0
0.00133578
0
0.000402083
0
0
0
0
0.000402108
0
0
0
0.000907261
0
0
0
0
0
0.000402208
0
0
0
0
0
0
0
0
0
0.000831662
0
0.000248319
0
0
0
0
0
0
0
0
0
0
0
0.00126577
0
0.000804964
0
0
0
0
0.000908161
0.000719225
0
0
0
0
0
0.000646414
0
0.000719537
0
0
0
0
0
0.000431274
0.000175494
0
0
0
0
0
0
0
0
0
0
0
0
0
0
0
0
0
0
0
0
0
0.000633747
0
0.000402982
0.000583514
0
0
0.00036272
0
0
0.000720207
0
0
0.001867
0.000440786
0
0
0
0.000335148
0
0
0.00139014
0
0.00047046
0
0
0
0.000360574
0
0
0
0
0
0
0
0
0
0
0
0.000403709
0
0
0
0.000434788
0
0.000403784
0
0
0
0.000518327
0
0
0
0
0
0
0.000270459
0
0
0
0.000335565
0
0
0
0
0
0
0
0.00192774
0
0
0
0
0
0
0.000404665
0
0
0
0
0
0
0
0.00040469
0.000404715
0
0
0
0
0
0.00049958
0
0
0
0
0
0
0
0
0.0011722
0.000404892
0
0
0
0
0
0
0
0
0
0
0
0.000318435
0
0.000361699
0.000361721
0
0
0.00160737
0
0.000361879
0
0
0
0
0
0
0
0.00040517
0
0
0
0
0
0
0.000804088
0.000318713
0
0
0
0
0.000567578
0.000318773
0
0
0
0
0
0
0
0
0
0
0
0
0
0
0
0.000944974
0
0
0
0
0
0
0
0
0.000673687
0
0
0
0
0
0
0
0.000283949
0
0
0
0
0
0
0
0
0
0.000359869
0
0
0
0.0004056
0
0
0
0
0.000637983
0
0
0
0
0
0.000362354
0.000293708
0
0.000337054
0
0
0
0
0
0.000405752
0
0
0
0
0.000724889
0
0
0
0
0
0
0
0
0
0
0.000405828
0
0
0
0
0
0
0
0
0.000405854
0
0
0
0
0
0
0.000405879
0
0
0
0
0.00145913
0
0
0
0
0
0.000406387
0
0
0
0.000406413
0
0
0
0
0
0
0.000305658
0
0
0
0
0
0
0
0
0
0
0
0.0002412
0
0
0
0
0
0.000319671
0.000319691
0
0
0
0
0
0
0
0
0
0
0
0
0
0
0
0
0
0
0
0
0
0
0
0
0
0
0.000537838
0
0
0
0
0.000305773
0
0
0
0
0
0
0
0
0
0
0
0
0
0.000406616
0.000406642
0
0
0
0
0
0
0.000512861
0
0
0
0
0
0
0
0.000631736
0
0.000219056
0
0
0
0
0
0
0
0.000276504
0
0
0
0
0
0
0
0
0
0
0
0
0
0
0
0.000338005
0.00020265
0
0
0.000246118
0
0
0
0.000612082
0
0
0.000320072
0
0.000553251
0
0
0
0.000237236
0
0
0
0
0
0
0
0.000320152
0
0
0
0.000492483
0
0
0
0
0
0
0
0
0
0
0
0
0
0.000788194
0.000407254
0
0
0
0.000320292
0
0
0.000407305
0
0
0.000363832
0
0
0
0
0.000612697
0
0
0
0.000612774
0.00027692
0
0
0
0
0
0
0
0.000407484
0
0.000363992
0.000407535
0
0
0
0.000364037
0
0
0
0
0
0
0
0
0
0
0
0
0
0
0
0
0
0.000407586
0
0
0
0
0
0
0
0
0
0
0
0
0.000728166
0
0
0
0
0
0
0
0.000637989
0
0
0
0
0
0
0
0
0
0
0
0
0
0.000320675
0
0
0.00020556
0
0
0
0
0
0
0.000613389
0
0
0
0
0.000320755
0
0
0
0
0.000213645
0
0
0
0
0.000407919
0
0.000493473
0.000407996
0
0
0
0
0
0
0.000306849
0
0
0
0
0.000408047
0
0
0
0
0
0
0
0
0
0
0.000285733
0.000162134
0
0
0.000467579
0
0
0
0
0.000408176
0
0
0
0
0
0.000408201
0
0.000257414
0.000339152
0.000408278
0.000408304
0
0
0
0.000321118
0.000408355
0
0
0.000794906
0
0
0
0.000963719
0
0
0
0
0
0
0
0
0
0.000833009
0
0.000295834
0
0
0
0.00163466
0
0
0
0
0
0
0
0
0
0
0
0
0
0.000730229
0
0
0
0
0.000408818
0
0
0
0
0
0
0
0
0
0
0.000572546
0
0
0
0
0
0
0
0
0
0
0
0
0
0
0
0
0
0
0
0
0
0.000286309
0
0
0
0.000938735
0.000541193
0.000238432
0
0
0
0
0
0
0.0003399
0
0
0.0015386
0
0
0
0
0
0
0
0.000201471
0
0
0
0.000409334
0
0
0
0
0
0
0.000365644
0
0
0
0
0
0
0
0
0
0
0
0
0
0.000409385
0
0
0
0
0
0
0
0
0
0
0.000409411
0
0
0
0
0
0
0
0
0
0.000409437
0
0
0
0
0
0.000307933
0.000409489
0
0
0
0
0
0.00204882
0.000322579
0.00110557
0
0.00146637
0
0
0
0
0
0
0.000717738
0
0
0
0
0
0
0
0
0
0
0
0
0
0
0
0
0
0
0
0.00129162
0
0
0
0.000366847
0
0
0.000410732
0
0.000366893
0
0
0
0
0.000733833
0
0
0
0
0
0
0.000575336
0
0
0
0
0
0
0
0.000410888
0
0.000410914
0.00041094
0
0.00139652
0.000191591
0.00027195
0
0
0
0.00064667
0
0.000202403
0
0
0.00290208
0
0
0
0
0
0
0
0
0
0
0
0
0
0.000367637
0.000297991
0
0
0.000248974
0
0
0
0
0.000341991
0
0
0
0
0.00108163
0
0.000250111
0
0.000376495
0
0
0
0
0
0.000859462
0
0
0
0
0
0.00085963
0
0
0
0
0
0
0
0
0
0.000223898
0.00153743
0
0
0
0
0
0
0
0
0
0.000422221
0
0
0
0
0
0
0
0
0
0
0
0
0
0
0.000422248
0
0
0
0
0
0.000332086
0
0.000422303
0
0
0
0
0
0.00147858
0
0.000754705
0.000769306
0
0
0.00019698
0
0.000422688
0
0
0
0
0.0012241
0
0
0
0
0
0
0
0
0
0
0
0
0
0.000317982
0
0
0
0.000484453
0
0.000272881
0.000492958
0.000422991
0
0
0
0.000423018
0
0.000332691
0
0
0
0.000261104
0
0
0.000377918
0
0
0
0
0.000755885
0
0
0
0
0
0
0
0
0
0
0
0
0.000683367
0
0
0
0
0.000378115
0
0
0
0
0.00033293
0.00105515
0
0
0.000449666
0.000613208
0
0
0.00042357
0
0
0
0
0
0.000318563
0
0.000351923
0
0
0
0.000423653
0.00101166
0
0
0
0.000931616
0
0
0
0
0
0
0
0
0.00063775
0.000228344
0
0
0
0.000352314
0
0.000785257
0
0.000685255
0
0
0
0
0.00042429
0
0
0
0.000842036
0
0
0
0.000267613
0
0.000667558
0
0.00051348
0
0.000262009
0
0
0.000280844
0
0
0
0
0
0
0
0.000424595
0
0
0
0
0
0
0
0
0
0
0
0.00115602
0.000425151
0
0
0
0
0
0
0
0
0
0
0
0.000334369
0.000162687
0.000484551
0
0
0.00035333
0
0.00030793
0
0
0
0.000217098
0
0
0
0.000669089
0
0.002147
0
0.000308253
0
0
0
0
0
0
0
0
0
0
0.000760694
0
0
0.000353793
0
0.00196287
0
0
0
0
0
0
0
0
0
0
0
0
0.000380747
0
0
0
0
0
0
0.000596986
0.000869283
0.000289818
0.000617478
0
0.0011595
0
0
0
0
0
0
0
0
0
0
0
0
0
0
0
0
0
0
0.000671023
0
0
0
0.000263335
0
0
0
0
0
0
0
0
0
0
0
0
0
0
0
0
0
0
0
0
0
0
0
0
0
0
0
0
0
0
0
0
0
0
0
0
0
0
0
0
0.00128015
0
0
0
0
0
0
0
0
0
0
0
0
0
0
0
0
0
0
0
0
0
0
0
0.000710228
0.000354631
0.000167029
0
0
0
0
0
0.000381348
0.000671553
0.000427025
0
0
0.000481287
0
0
0
0.000233356
0
0
0
0.000381523
0
0
0.000258362
0
0
0
0
0
0
0
0
0
0
0
0
0
0
0.000598243
0
0
0
0
0
0
0
0.000527363
0
0
0
0.000321351
0
0
0
0.00203659
0.000267271
0.000325704
0
0
0
0
0
0
0
0
0
0
0
0.000979381
0.000294461
0
0.000699478
0
0.000651887
0
0
0
0
0
0.00107568
0
0
0
0
0
0
0
0
0
0.00185056
0
0
0
0
0
0.00166384
0
0
0
0
0
0
0.00336718
0.000325551
0
0
0
0.000629786
0
0
0
0
0
0
0
0
0
0.00044978
0
0.000449811
0
0
0
0.00175373
0
0.000804276
0
0
0
0.000385317
0
0
0
0
0
0
0
0
0
0
0
0
0
0
0
0.000214359
0
0
0.000421489
0
0
0
0
0
0
0.000169872
0.000301673
0
0.00019625
0.00244704
0
0
0.000442427
0
0
0
0
0
0
0
0
0
0.000451344
0
0
0
0
0
0
0
0
0
0
0
0
0
0
0
0
0
0
0
0.000653546
0
0
0
0
0
0
0
0
0
0
0
0
0
0
0.000806457
0
0
0
0
0
0
0
0
0
0
0
0
0.000403285
0
0
0
0
0
0
0
0
0
0
0
0
0
0
0
0.000212644
0
0
0
0
0
0
0
0
0
0
0
0
0
0.000451563
0.000236534
0.00101892
0.0002366
0
0
0.00135894
0
0
0
0
0
0
0.000569877
0
0
0
0
0
0
0
0
0
0
0
0
0
0
0
0.000750891
0
0
0
0
0
0.000981685
0
0.000193437
0.000340019
0
0
0
0
0.000307301
0
0
0
0
0
0
0
0
0
0
0
0
0
0
0
0
0
0
0
0.000355613
0
0
0
0
0.000403931
0
0
0
0.000455946
0.000614817
0.000452381
0
0
0
0
0
0
0
0
0
0
0
0
0
0.000327525
0
0.00029194
0
0
0
0
0
0.00034028
0
0
0.000375917
0
0.00188702
0
0.000307773
0.000327867
0.000279523
0.0002826
0
0
0
0
0
0
0
0.000655918
0
0
0.000404692
0
0
0
0
0
0
0
0
0
0
0
0
0
0
0
0
0
0.000340755
0
0
0
0
0
0
0
0
0.000453139
0
0.00668507
0.000754357
0
0
0
0
0.00211708
0
0
0
0
0
0
0
0.0002748
0
0
0
0
0
0
0
0
0
0.00025604
0
0
0
0
0
0
0
0
0
0
0
0
0
0
0
0
0
0.000357355
0.000901811
0
0
0.000454535
0
0
0
0
0.000244766
0
0
0.000269764
0
0.00029335
0
0
0
0
0
0
0.000406109
0.000520932
0
0
0
0
0
0
0
0
0
0
0
0
0
0
0
0
0
0
0
0
0
0.000286755
0
0
0
0
0.000318444
0
0
0
0.000454964
0
0.0114341
0
0
0
0
0
0
0
0
0
0
0
0
0
0
0
0
0
0
0
0
0
0
0
0
0
0
0
0
0
0
0.000310196
0
0.000456452
0
0
0.00037922
0
0.00105254
0
0.00115267
0
0
0
0
0.000492289
0
0.000375022
0.000379861
0.00178716
0
0
0.000689596
0
0
0
0
0
0
0.000258391
0
0
0
0
0
0
0.000458581
0
0
0.000623373
0
0
0
0
0.00183156
0.000218465
0
0.000459002
0.000459035
0.000459067
0
0
0.00128585
0.000459229
0.000918524
0.000361223
0.000459359
0.000459392
0
0.000459424
0
0
0
0
0
0
0
0.000459457
0
0
0
0
0
0
0
0
0
0
0
0
0
0
0
0
0
0
0.000459489
0
0
0.000459522
0.00117271
0
0.000459717
0
0
0
0
0.000660674
0
0.000753783
0
0
0
0
0
0
0
0
0
0
0.000410856
0
0
0
0
0
0
0
0
0.000999074
0
0
0
0
0
0
0.000278286
0
0.00116498
0
0
0
0
0
0
0
0
0
0
0
0
0
0
0
0
0
0
0
0.000382447
0
0
0
0.000460402
0.00104114
0.0010733
0
0
0
0
0
0
0
0
0
0.000200694
0.000333592
0
0.000304829
0.000460859
0
0
0
0.000503628
0
0
0.000362506
0
0
0
0
0.0019149
0
0.000346855
0
0
0
0
0
0
0
0
0
0.000322969
0
0
0
0
0
0
0
0
0
0.00658355
0.000825279
0
0
0.000334494
0.00104249
0
0.00165126
0.000727128
0
0
0
0
0
0
0
0
0
0
0
0
0
0
0
0
0
0
0
0
0
0
0.000825985
0
0
0
0.000291595
0.000279714
0
0.000462501
0
0
0
0
0.000334851
0
0.000669751
0
0
0
0
0
0
0
0.000782077
0.00165315
0
0
0
0.000925925
0.000827163
0.000683838
0.000298876
0
0
0
0.00057177
0
0
0.000364342
0.000298961
0
0.000280253
0.000598007
0
0
0
0
0
0
0
0.00902654
0.000464586
0.000464619
0.000464652
0.00430178
0
0.000465185
0.00170569
0
0
0.00231787
0
0
0
0
0.000697037
0
0
0
0
0
0.000254945
0.000675672
0
0.000482523
0
0.000675866
0
0
0
0
0.000802301
0.000702343
0
0
0
0
0
0
0.000417151
0
0.000417181
0
0.000467093
0
0
0
0
0.000467126
0
0
0
0.000676401
0
0
0
0
0
0
0
0
0.000467227
0
0
0
0
0
0
0
0
0
0
0
0
0
0
0.000734925
0
0
0
0.000467328
0
0.000294702
0
0
0
0
0
0
0
0
0
0
0.0003515
0
0
0
0
0
0
0.000388312
0
0
0
0.000467462
0
0
0.000467496
0
0.00046753
0
0
0
0
0.000467563
0
0
0.00140279
0
0
0.000467698
0.000417782
0
0
0
0
0
0
0
0.000935531
0.000935666
0
0
0
0.000367966
0
0.000835926
0
0
0
0
0
0
0
0
0
0
0
0
0.000468001
0
0
0
0
0
0.000836107
0
0
0
0
0
0
0
0.000468103
0
0
0
0
0
0
0
0
0
0.000418144
0
0
0
0.000222845
0
0
0.00321009
0
0.000469084
0
0.000368923
0.00036895
0
0.000419081
0
0
0
0
0
0.000793212
0
0
0
0.000310447
0
0
0
0
0.0012114
0.000469491
0.00124233
0
0.000289856
0
0.000242798
0
0
0
0
0
0
0
0.00113642
0
0
0
0
0
0
0
0.00164297
0.000513655
0
0
0.00119646
0
0
0
0
0.000390732
0
0
0
0
0
0
0
0
0
0
0
0
0
0
0
0
0
0
0
0
0
0
0
0
0
0
0
0
0
0
0
0
0
0
0
0
0
0
0
0
0.000204881
0
0
0
0
0.00141507
0.000172527
0
0
0
0
0
0
0
0
0
0
0
0
0
0
0.00047058
0
0
0.00022901
0
0.00224024
0
0
0.00039127
0.000320121
0
0.000891098
0
0
0
0.000240466
0
0
0
0
0
0
0
0.000420875
0
0.00023469
0
0
0
0.000341171
0.00137332
0.00034132
0
0
0.000471502
0
0
0
0
0
0
0.000741651
0.000391782
0
0
0
0
0.00039181
0
0
0.000354717
0
0.000265806
0.000391896
0
0.000297486
0
0
0
0
0
0
0
0
0.000508102
0
0
0
0
0
0
0
0
0.000962108
0
0
0
0
0.000471982
0
0
0
0
0
0
0
0
0
0
0
0
0
0
0
0
0
0
0
0
0
0
0
0
0
0
0
0
0
0
0
0
0
0
0
0
0
0
0
0
0
0
0
0
0
0
0
0
0
0
0
0
0.000825247
0
0
0
0
0.00233225
0
0
0
0
0
0
0
0
0
0
0
0.000473014
0
0
0
0.000331229
0
0
0
0
0.000342489
0
0
0
0
0
0
0.000583978
0
0
0
0
0.000946372
0
0
0
0.000473255
0
0
0.000685277
0.000685377
0.000473428
0
0
0.000946924
0.00189413
0
0.00192058
0.00109661
0
0.00102949
0
0
0
0
0
0
0
0
0
0
0.000394273
0
0
0
0
0
0
0
0
0
0
0
0
0
0
0
0
0
0
0
0.000474639
0
0
0
0.000474674
0
0
0
0
0
0
0
0
0.000612611
0.00107116
0
0
0
0
0
0
0.000413688
0
0
0
0
0
0.000518991
0
0
0
0
0.000687784
0
0
0.000343942
0
0
0
0
0
0.000424387
0
0
0
0
0
0
0
0.00047516
0.000848897
0
0
0
0
0
0
0
0
0
0
0.000424511
0
0
0
0
0
0
0
0
0
0
0
0
0
0.000950598
0
0
0.000789817
0
0
0
0.000475438
0
0
0
0
0
0
0
0
0.000613598
0.000554275
0
0
0.000475613
0
0
0
0
0
0
0
0
0
0
0
0
0
0.000613823
0.000333098
0.000231511
0
0
0
0
0
0
0.000900045
0
0
0
0
0
0.000475891
0
0.000711088
0.000666635
0
0.000791033
0.000476171
0
0
0
0
0
0
0
0
0
0
0
0
0.000476206
0
0
0
0
0.000474372
0
0
0
0
0
0
0
0
0.000425445
0
0
0.0013794
0.000395836
0
0
0
0.00118759
0
0
0
0
0
0
0
0
0
0
0
0.00026438
0
0
0
0
0.00255454
0
0
0
0
0
0
0.000425945
0
0
0
0
0
0
0
0.000358652
0
0
0
0
0.00047694
0
0
0
0
0
0
0
0
0
0
0.000426039
0
0
0.00037513
0
0
0
0.000477045
0
0.000426133
0
0.000396359
0
0
0.00047715
0
0.000477185
0
0.000194144
0
0
0
0
0.000477256
0
0.000477291
0
0
0
0
0
0
0
0
0
0
0
0
0
0
0
0
0
0
0
0
0
0
0
0
0
0
0
0
0
0
0
0
0
0
0
0
0
0.000477326
0
0
0
0
0
0
0
0
0
0
0
0
0
0
0
0
0.000375406
0.000566584
0.000979131
0.000853269
0
0
0.000853394
0.000396914
0
0
0.00158777
0
0
0
0
0
0.000375876
0
0
0
0
0
0
0
0
0
0
0
0
0.000477993
0
0
0
0
0
0
0
0
0
0
0
0
0
0
0
0
0
0.000478029
0
0
0
0
0
0
0
0
0
0
0
0
0
0
0
0.000956128
0
0
0
0.000478134
0
0
0
0
0
0.000346171
0
0
0
0
0
0
0
0
0
0
0
0
0.000478205
0
0.00128151
0
0
0
0
0
0
0
0
0
0.000397381
0.000397411
0
0
0
0.000956832
0
0
0
0.000478487
0
0
0
0.000478522
0.000854903
0
0
0
0
0.000478628
0
0.00107992
0
0
0.000568213
0
0
0
0
0
0
0.00112971
0
0.000795759
0
0.000187414
0
0
0
0.000479051
0.00085585
0
0.00143747
0
0
0.000479263
0
0
0
0
0
0
0
0
0
0
0
0
0
0
0.010554
0
0
0
0
0
0.000960583
0
0
0
0
0
0
0
0
0
0
0
0.000790902
0
0
0
0
0
0
0
0
0
0
0
0
0
0.000317963
0.000480718
0.000480754
0
0
0
0
0
0
0
0
0
0
0
0
0
0
0
0
0
0
0
0
0.00312349
0
0
0
0.000481681
0.000481717
0
0.00107942
0
0.000430562
0.00074323
0
0.000801197
0
0
0
0.000400658
0
0
0.00121698
0.000482541
0
0
0.000379507
0
0.000725888
0.000482684
0
0.00086234
0
0.000965584
0.000482864
0
0
0
0.00124636
0.000401284
0
0.000483079
0
0
0.00144935
0
0
0.000760031
0.00029231
0
0.000401523
0
0
0.000483367
0.000328534
0
0
0
0
0
0
0
0.000380186
0
0
0
0
0
0
0
0
0
0
0.000483475
0
0
0
0.000863753
0
0
0
0.000760598
0
0
0
0
0.000803584
0
0
0
0
0.000483727
0
0
0
0
0.000481865
0
0.00197297
0
0
0.000484051
0
0.000380696
0
0
0
0.00191945
0
0
0
0.000404348
0
0
0
0.0022596
0
0.000807666
0
0
0
0
0
0
0
0
0
0
0.000485463
0.000970999
0
0
0
0.00378605
0
0
0
0
0
0
0
0
0
0
0.00340512
0
0
0.0017389
0
0.0011486
0.00146087
0
0
0.000487066
0.000487102
0.000487139
0.000870299
0.00283344
0.00348355
0
0
0
0
0
0
0
0
0
0
0
0
0
0
0
0
0
0.000871411
0.00115101
0
0
0.000487981
0
0
0.000488017
0
0
0.00108288
0
0
0
0.000488201
0.00115188
0
0.000384046
0
0.00178546
0.000425899
0
0.000684759
0
0
0.000812542
0
0
0
0.000308423
0
0.000290271
0
0
0.000489194
0.000436986
0.000769539
0
0
0.000813032
0
0
0
0
0
0.000489415
0
0.000437183
0
0
0
0
0
0
0
0.000406639
0
0
0.000275847
0
0.0004067
0.0004896
0
0
0
0.000874696
0.000437414
0
0
0
0.000489747
0
0.00244892
0
0
0.000489969
0.00147002
0
0
0.000490117
0
0
0
0
0.00163509
0
0
0
0
0.00049045
0.00140485
0
0
0
0
0
0
0
0
0
0
0
0.000490673
0
0
0
0
0
0.000324596
0
0.000981494
0
0.000876812
0
0
0
0
0
0
0
0
0
0
0
0
0
0
0
0.000815614
0
0
0
0
0
0.000490969
0
0
0
0
0
0
0
0
0
0
0
0
0
0
0
0
0
0
0
0
0.000772274
0
0
0
0
0
0
0
0
0
0
0
0
0
0
0
0
0
0
0
0
0.000491081
0
0
0
0
0
0.000491118
0
0.000491155
0
0
0
0
0
0
0.000438738
0
0
0
0.000369424
0
0
0
0
0
0.000491267
0
0
0
0
0
0
0
0
0
0
0
0
0.000806006
0.000491453
0
0
0
0
0
0
0.000734342
0
0
0
0
0
0.000983203
0
0.00036976
0.000515094
0.000817096
0.000281757
0.000491899
0
0
0
0
0
0
0
0
0
0.000983873
0
0
0
0
0
0.000492011
0
0
0
0
0.000317494
0
0
0
0
0
0
0
0
0
0
0
0
0
0
0
0
0
0
0.000325506
0.000492123
0
0
0.00049216
0
0.000879271
0
0
0
0
0.000492272
0
0
0.000817964
0
0
0
0.000492384
0
0
0
0.000530718
0.000651656
0.000356678
0.000334867
0
0
0
0
0.000880272
0
0
0
0
0
0
0
0.000894238
0.000492945
0
0.000492982
0
0
0
0
0
0.00049302
0
0
0
0
0
0
0.000493057
0
0
0
0
0
0
0
0
0
0.00318455
0.00132272
0.000776561
0
0.000729191
0
0.000742895
0.000493995
0
0.000691845
0
0
0
0.000494108
0
0
0
0
0
0
0
0
0.000882751
0
0
0
0
0
0
0
0
0.000645803
0
0
0
0
0
0
0
0.00134385
0.000559722
0
0.0001839
0
0
0
0
0
0
0
0.000494673
0
0.00148413
0.000358228
0
0
0
0.00179128
0.00049505
0
0
0.000495088
0.000389376
0
0.000389406
0
0.00179707
0
0
0.000495427
0
0
0
0
0
0.00074522
0
0
0
0
0
0.000495541
0.000495579
0
0.000495617
0
0
0
0.000495654
0
0.000495692
0.000812544
0
0
0
0
0
0
0
0
0.00247151
0.000824213
0
0
0
0
0
0
0
0.00123651
0.00049626
0
0
0
0
0
0
0
0
0
0
0
0
0
0
0
0
0
0
0
0
0
0
0
0
0
0
0
0.00127723
0
0
0
0
0
0.000412579
0
0.00104278
0
0
0
0
0
0
0
0.000359736
0
0
0
0
0
0
0.000347961
0
0
0
0
0
0
0
0.000887819
0
0.000497058
0
0.000825917
0.00165209
0
0.000497325
0
0
0.000888499
0
0
0
0
0
0
0
0
0
0
0
0
0
0
0
0
0
0.000497439
0
0
0
0
0
0
0
0
0
0
0.000497477
0
0
0.000782511
0
0
0
0
0.000888907
0.000497668
0
0
0
0
0
0
0
0.000413465
0
0
0
0.00117431
0
0.00174301
0.000391676
0.000498088
0
0
0.000827628
0
0
0
0
0
0
0.00064293
0
0
0.000689579
0
0
0
0
0
0
0
0
0
0.000285499
0
0
0.000783953
0
0
0
0
0
0
0
0
0
0
0
0
0.000636509
0.000890819
0
0.00178191
0
0
0
0
0
0
0
0
0
0
0
0.00041445
0.000828963
0.000990252
0
0
0
0
0.000830576
0
0
0
0.000443003
0
0
0
0
0
0
0
0
0
0.000499314
0.000499352
0
0
0.000414864
0
0
0
0
0
0.000339426
0
0
0
0
0
0
0.00365664
0
0
0.000731909
0
0
0
0
0
0
0
0.000795188
0
0
0.000505654
0
0.00045169
0.00090345
0
0
0
0
0
0
0.00156465
0
0
0.00146247
0
0.00126193
0.00042115
0.000506996
0
0.000355027
0
0.000842497
0.000710221
0.000906133
0
0
0
0
0.000421446
0
0
0
0
0
0
0
0
0.000710498
0
0
0
0
0
0
0
0
0
0
0.000421545
0
0
0
0
0
0.000906557
0
0
0
0
0
0
0.000531686
0
0.000507631
0
0
0
0.000843485
0
0
0
0
0
0.000907054
0
0
0
0
0
0
0
0
0
0
0
0
0
0
0
0
0
0.000301351
0.000566462
0.000488902
0.000555178
0
0
0.000453882
0
0
0.000508187
0
0
0
0.000453953
0.000355889
0
0
0
0
0
0
0.000296231
0
0
0
0
0
0
0.000672524
0
0
0
0
0
0
0
0
0
0
0
0
0.000908261
0
0
0
0
0.000908403
0
0
0
0
0
0
0
0
0
0
0
0
0
0
0
0
0
0
0
0
0
0
0
0
0
0
0
0
0
0
0
0
0
0
0
0
0
0
0
0
0
0.000508585
0.000908617
0
0
0
0
0
0
0.00045438
0.000382596
0
0
0
0.000908902
0
0
0
0.000845468
0
0
0
0
0
0
0
0
0
0
0
0
0
0
0
0
0
0
0
0
0
0
0
0
0
0
0
0
0
0
0.000454593
0
0
0
0
0
0
0
0
0
0
0
0
0
0
0
0
0
0.000508983
0
0.000400306
0
0
0
0
0
0
0
0
0.000691948
0
0
0
0
0
0
0
0.00361629
0
0
0
0
0
0.000509663
0
0
0
0
0
0
0.000509703
0
0
0
0
0.000337186
0.000423497
0
0.000455379
0.0010118
0
0
0
0
0
0
0.000357091
0
0.000346626
0.000527331
0
0
0
0
0
0
0.00182617
0
0
0
0
0
0
0.000384161
0
0
0
0
0
0
0
0
0.000768383
0
0
0
0
0
0.00143106
0.000511107
0
0
0
0.000254571
0.000309181
0
0
0
0
0
0
0
0
0
0
0.000521831
0
0
0
0
0
0
0
0
0
0
0
0
0
0
0
0
0
0
0
0
0
0
0.000511308
0
0
0
0
0
0
0
0
0
0
0
0
0.000511349
0.000511389
0
0
0
0
0
0
0.000849731
0.00051151
0
0
0
0
0
0
0.00250779
0.00066314
0
0
0
0
0
0
0
0
0
0
0
0
0
0.000512196
0.000512236
0
0
0
0
0
0
0
0
0
0
0.000512277
0
0
0
0
0
0
0
0
0
0
0
0
0
0
0
0
0
0
0.000632363
0
0.000512398
0
0.00127711
0.000457823
0
0
0.0005126
0.000915791
0
0
0
0
0
0
0
0.000512722
0
0
0
0
0
0
0.000742429
0
0
0
0
0
0
0
0
0
0.000512843
0
0
0
0
0
0
0
0.000742605
0
0
0
0
0
0
0.000852282
0
0
0
0
0
0
0
0
0.000348681
0.000371449
0
0
0
0
0
0
0
0
0
0
0
0
0.000513127
0
0
0
0
0
0
0.000483341
0
0
0
0
0
0
0.000513248
0
0.00127923
0.000458583
0.00045862
0
0.000513492
0
0.000853225
0
0
0
0.000662818
0.000914497
0
0
0.000349205
0.000853765
0.000679923
0.000698686
0
0.000830469
0.000514224
0
0
0
0
0
0
0
0
0
0
0
0.000570517
0
0
0.00342364
0
0
0
0.00204333
0
0
0
0
0
0
0
0
0
0.00232417
0
0
0
0.00111921
0
0
0
0
0
0
0
0
0
0
0
0
0
0.000515449
0.000515489
0
0
0.000920953
0
0
0
0
0
0
0
0
0
0
0
0
0
0
0
0.000228767
0
0.000277658
0
0
0
0.000515694
0
0
0
0
0
0
0
0
0
0
0
0.00128428
0
0
0.0010403
0
0.000516104
0
0
0
0.000516145
0
0
0
0
0
0
0
0.000626332
0
0.000826992
0
0
0.000263614
0
0.00138418
0.0028092
0.000341992
0
0.00351948
0
0
0
0
0
0
0
0
0
0
0
0
0
0
0.00046246
0.0011682
0.000925214
0
0
0
0
0
0
0
0.000764913
0
0
0
0
0.000430425
0
0
0
0
0
0
0.00043046
0
0
0
0.000292007
0
0
0.00122268
0
0
0
0
0
0
0.000407656
0
0.00095983
0.000518536
0
0.000779982
0
0.00051866
0.000926619
0.000430976
0.00043101
0.0032442
0
0
0
0
0.000519158
0
0
0.00134005
0
0.000519365
0
0
0.000408472
0
0
0
0
0
0.000463976
0
0.00215781
0
0.000376236
0
0
0
0
0.000727845
0
0
0
0
0
0
0
0
0
0
0
0
0
0
0
0.000845904
0
0
0
0
0
0.000239875
0.00082832
0
0
0
0
0
0
0
0
0
0
0
0
0.000520156
0.000929291
0.000818318
0.000688424
0.000520448
0
0
0
0
0
0
0.000506562
0.000506643
0
0
0.000215303
0
0
0
0
0
0
0
0
0.000520698
0
0.00035391
0
0.00086527
0
0
0
0
0
0
0.00104173
0.00113142
0.000364857
0.000930932
0
0
0
0
0
0.0005212
0
0
0
0
0.000465578
0.000465615
0
0
0
0
0
0
0.00117617
0
0
0.000539104
0
0
0
0.000569893
0
0
0
0
0.000521618
0
0
0
0
0
0
0.0010098
0.000521786
0
0.000521828
0
0
0
0
0
0
0
0
0
0
0
0.000392467
0
0
0.000521912
0.000521954
0
0
0
0
0
0
0
0
0
0
0.000521996
0
0.000821081
0
0
0
0
0
0
0.000690749
0
0
0
0
0.000245927
0
0
0
0
0
0
0
0
0
0
0
0
0
0
0
0.000785503
0
0.000867845
0.000710098
0
0
0
0
0.000174944
0
0.00067434
0
0
0
0
0.000393036
0
0
0
0
0
0.000329577
0
0
0
0
0
0
0
0.00052271
0
0
0
0
0.000411102
0
0
0
0.000522794
0
0
0
0.000522836
0
0.00447076
0
0
0
0
0
0
0
0
0.000412231
0
0
0.00314538
0
0
0
0.000311234
0
0
0
0
0.000524526
0
0
0
0
0
0
0
0
0
0
0
0
0
0.000524569
0.00234105
0
0
0
0.000412998
0.00440555
0
0
0
0
0
0
0.00105152
0
0
0.00186645
0.00187997
0
0.00207267
0
0.00190651
0.000368943
0.000414406
0
0
0
0.000526995
0
0
0
0
0
0.00124342
0
0.000527167
0
0
0
0.00218987
0
0
0
0
0
0
0.00523911
0.00117481
0
0
0.000473099
0
0.000796718
0
0
0
0
0
0
0
0.000668136
0
0
0
0
0
0.000440191
0
0.000895828
0
0
0
0.00053005
0
0
0
0
0
0
0
0
0
0
0
0
0
0
0
0
0
0.000880741
0
0
0
0
0
0
0
0.000371233
0.000907456
0.00217801
0
0.000890927
0
0.00158352
0.000771366
0
0
0
0
0
0
0
0.00072426
0.000532922
0.00265654
0
0
0
0
0
0
0.00106646
0
0
0.000533316
0
0
0
0
0
0
0
0
0
0
0
0
0
0
0
0.00102664
0
0.00265938
0.000373766
0.000533842
0
0
0.000386507
0
0
0.000476912
0
0
0
0
0.000533974
0
0
0
0.000443631
0
0
0.00190812
0
0
0
0
0
0
0
0
0.00266288
0
0
0
0
0
0
0
0.000420342
0
0.00103475
0
0.000402099
0.000474491
0.00053481
0
0.000237304
0
0
0.000957688
0
0
0.00411439
0
0.000890411
0.000820678
0.00242614
0.000479356
0
0.000958791
0.00109447
0.000892104
0.000307118
0
0.0025002
0
0
0
0
0.000616273
0.000809196
0
0
0
0
0
0
0
0
0.00144188
0
0
0
0
0
0.00125419
0.000679052
0
0
0
0.00138252
0
0
0
0
0
0.000423726
0
0
0
0
0
0.000997669
0.000447756
0
0
0.000925149
0.00178367
0.000390716
0
0
0
0
0
0
0
0
0
0.000539745
0
0.000964291
0.00053988
0.00081209
0
0
0.00144704
0.000540149
0
0
0
0
0
0.000849638
0
0
0
0.000849779
0.000965334
0
0
0
0.00162961
0
0
0.000898869
0.000327269
0
0.000440296
0
0
0
0.00182384
0
0
0
0
0
0
0
0
0
0.000449959
0
0
0
0.000541681
0
0
0
0
0
0
0.000541726
0
0.000541772
0
0.000541817
0
0
0
0
0
0
0
0
0
0
0
0
0
0
0
0
0
0
0
0
0
0
0
0
0
0
0
0
0
0
0
0
0
0
0.000483996
0
0.000541907
0
0
0
0
0
0
0
0
0
0
0
0
0
0
0
0
0
0
0
0
0
0
0
0
0
0
0
0
0
0
0
0
0
0
0
0
0
0
0
0
0
0
0
0
0
0
0
0
0
0
0
0
0
0
0
0
0
0
0
0
0
0
0
0
0
0
0
0
0
0
0
0
0
0
0.00340961
0
0
0
0.000484401
0
0
0
0.00163151
0.000542541
0
0
0
0
0
0
0
0
0
0
0
0
0
0
0
0
0
0
0
0
0
0
0
0
0
0
0
0
0
0.000542587
0.000969368
0
0
0
0
0
0.00196452
0
0
0
0
0
0
0
0
0
0
0
0
0
0
0
0
0
0
0
0
0
0
0
0
0
0
0
0
0
0
0
0
0
0
0
0
0
0
0
0
0
0
0
0
0
0
0
0.000542949
0
0
0
0
0
0
0
0
0
0
0
0
0.0015367
0
0
0
0
0
0
0
0
0
0
0
0
0
0
0
0
0
0
0
0
0
0
0
0
0
0
0
0
0
0
0
0
0
0
0
0
0
0
0
0
0
0
0
0
0
0
0
0
0
0
0
0
0
0
0
0
0
0
0
0
0
0
0
0
0
0
0
0
0
0
0
0
0
0
0
0
0
0
0
0
0
0
0
0
0
0
0
0
0
0
0
0
0
0
0
0
0
0
0
0
0
0
0
0
0
0
0
0
0
0
0
0
0
0
0
0
0
0
0
0
0
0
0
0.00100319
0
0
0
0.001612
0.000601741
0
0
0
0
0
0
0.000601797
0
0
0
0.000601853
0
0
0
0
0
0
0
0
0.000601909
0.00107536
0
0
0.000602076
0.00053783
0
0
0.00161364
0
0.000602355
0
0
0
0
0
0
0.000371784
0
0.00100099
0
0
0
0
0
0.000946848
0.000948023
0
0.000538479
0
0
0
0
0
0
0.000602915
0
0
0.00060297
0.00361816
0
0
0
0
0
0.000538929
0.000603419
0
0
0
0
0.000603475
0.00230811
0.00146163
0.000437537
0
0
0
0
0
0
0.000502125
0
0
0
0
0
0
0
0.000604486
0
0
0
0
0
0.000604542
0
0
0
0
0
0
0
0.000660492
0
0
0
0
0
0.000863592
0.000287944
0
0.000604993
0
0
0
0
0
0
0
0
0
0
0
0
0
0
0
0
0
0
0
0
0
0
0
0
0
0
0
0
0
0.000540436
0.000605106
0
0.00174728
0
0
0
0
0
0
0
0
0
0
0
0
0
0
0
0
0
0
0
0
0
0.001211
0
0
0
0
0
0.00215995
0
0
0
0
0.000293687
0
0
0
0.000465585
0
0
0
0
0
0.00106863
0.0050591
0.000643946
0.000484321
0.000644074
0
0
0
0.0011507
0
0.000451116
0
0
0
0
0
0
0
0
0
0
0
0
0
0
0
0
0
0
0
0.000644329
0
0
0.00188145
0.00131207
0
0
0
0
0
0
0.000744058
0.00162296
0
0
0
0
0.00319274
0.00134319
0
0.00134347
0.00217117
0
0.00190347
0
0
0
0.00145297
0
0
0
0
0
0
0
0
0.000674878
0
0
0
0
0
0
0.0014178
0
0
0
0
0.000675158
0
0
0
0
0
0
0
0.000675229
0
0.00292467
0
0
0.000675932
0.000270673
0
0
0.000508434
0
0
0
0
0
0
0
0
0
0
0
0
0
0
0
0
0
0
0
0
0
0
0.00106346
0.000531842
0
0
0.000676354
0
0.000508698
0
0
0.000818327
0
0.00206394
0
0
0
0.00070955
0
0.00106557
0
0.000677625
0
0
0
0
0
0
0
0
0.00677175
0.000475914
0
0
0.000679753
0.00421388
0.000680608
0
0
0.000680679
0
0
0.000429258
0
0
0
0
0
0
0
0
0.000985763
0
0
0
0
0.00121649
0.000681108
0
0.00136236
0
0
0
0.00121713
0
0
0
0
0
0
0
0
0
0.000986694
0
0
0
0
0
0
0.00053603
0
0
0.000622656
0
0
0
0
0
0
0.00102552
0
0
0.000860049
0
0
0
0
0.000682109
0
0
0
0
0
0
0
0
0.00234468
0.000494177
0
0
0.0043764
0
0
0
0
0.00122097
0
0
0.000373502
0.000827029
0
0
0.000683833
0
0
0
0
0
0
0
0
0
0.000726229
0
0.00108957
0
0.00215248
0
0
0
0
0
0.000568687
0
0
0.000684626
0
0
0
0.000684698
0
0.00102995
0.00103017
0
0
0
0
0
0
0
0
0
0
0
0
0.00244476
0.00171577
0
0
0.000686218
0
0
0
0
0
0
0
0
0
0
0
0
0
0
0
0.00182696
0
0
0.00137483
0.00122743
0.000687235
0
0.000740174
0.00192232
0
0.000497999
0.00114304
0.00057164
0
0.000688182
0
0
0
0
0
0
0
0.000688255
0.00135848
0.00169639
0
0.000656528
0
0.00311561
0
0
0.000519136
0
0
0
0
0
0
0
0
0
0
0
0.00191473
0.000690744
0.000690818
0
0
0.000690891
0
0
0
0
0
0.00123435
0.00100066
0
0
0
0
0
0
0
0
0
0
0
0
0
0
0
0
0
0
0
0
0
0
0.00155956
0
0
0.00069148
0
0
0
0
0
0.000691553
0
0
0
0
0
0.00123554
0.00227761
0
0.000403971
0.000485416
0
0
0.000693326
0
0.0006934
0
0
0
0.000619417
0
0
0.00027554
0.000693622
0.00277478
0
0
0
0
0
0.000693992
0
0.000667989
0.00134383
0
0.00047196
0
0
0
0
0.00057696
0
0
0
0
0
0
0
0
0
0
0
0.00401575
0
0
0
0
0.000695703
0
0
0
0
0
0
0
0.000547173
0.000621542
0
0
0
0.000578135
0.0010947
0
0
0
0
0
0
0
0.000355294
0
0
0
0
0
0
0.000696225
0.00124388
0
0
0
0
0
0
0
0
0.000696449
0
0
0
0
0.00339016
0.00174883
0
0
0
0
0.000624756
0.00150982
0
0.00419942
0
0
0
0
0
0
0.000700356
0
0
0
0
0.00125126
0
0
0
0
0
0
0
0
0
0
0
0
0
0
0.001164
0
0.00267998
0.000701263
0.00125289
0.00174827
0
0
0
0
0
0
0
0
0.000701718
0
0
0
0
0
0.00365288
0
0
0
0
0
0
0
0
0
0
0
0
0
0.000627799
0.00101478
0.00079246
0
0.000298312
0
0.00125655
0
0
0
0
0
0
0
0.000303698
0
0.000443678
0.00344139
0.0019129
0
0
0
0.000709541
0
0
0.000413552
0
0
0
0
0.000421141
0
0.000239115
0
0
0
0
0
0
0
0
0
0
0
0.0014197
0.00238861
0
0
0
0
0
0
0
0
0
0
0
0
0
0
0
0
0
0
0
0
0.000532152
0
0
0
0
0
0
0.000483069
0
0
0
0
0
0
0
0
0
0
0
0
0.000710861
0
0
0
0
0
0
0
0
0
0
0.000635018
0
0
0
0
0
0
0
0
0
0
0
0
0
0
0
0.000286952
0
0
0
0
0
0
0
0
0
0
0
0
0.000711095
0
0
0
0
0.000735249
0.000383022
0
0
0.000878104
0
0.000711563
0
0
0
0
0.00102956
0
0
0
0
0.00142391
0
0
0
0
0.00616018
0.00142594
0
0.000592422
0
0
0
0
0
0
0
0
0.000484714
0
0
0
0
0.00142656
0
0
0
0.00112212
0.00127478
0.00063753
0.000713831
0
0
0
0
0
0
0
0
0
0
0.00107378
0.00360213
0
0
0.00056205
0
0
0
0
0.000864631
0
0
0
0
0
0
0
0
0
0
0
0
0.00159748
0
0
0
0
0
0.00143096
0
0
0
0.00134739
0
0
0
0
0
0
0
0
0
0
0
0
0
0.000716193
0.00074052
0
0
0
0
0
0
0.00071643
0
0
0
0.000716509
0
0.000903712
0
0
0.00286698
0.00256195
0
0
0
0
0
0.000717379
0
0.00347151
0
0
0
0
0
0
0
0
0
0.000718093
0.00244045
0
0.00226039
0
0.000718888
0.00287587
0
0
0.000719286
0
0
0
0.000753572
0
0
0
0
0
0.000405451
0
0
0
0
0
0.00107017
0
0
0.0003629
0
0
0.000720004
0
0
0
0
0
0
0
0.00144017
0
0
0
0
0.00128666
0
0
0
0
0.000720403
0
0
0
0
0
0.000521594
0
0
0
0
0.000643614
0
0
0
0
0
0
0.000720643
0.000720723
0
0
0
0
0
0
0
0
0
0
0.000566853
0
0
0
0
0
0
0
0
0
0
0
0
0
0
0
0.00288353
0
0
0
0.000568653
0
0
0
0.000721364
0
0.00170207
0.000721684
0
0
0.000225158
0
0
0.00322379
0
0.000428589
0
0
0
0
0
0
0
0
0
0
0
0
0
0
0
0
0
0
0
0
0.000722326
0
0
0
0
0
0.0013108
0
0
0
0
0
0
0
0
0
0
0
0
0
0
0
0
0
0
0.000932577
0.00120093
0
0
0
0
0
0
0
0
0
0
0
0
0
0
0
0.00144594
0.00129181
0
0
0
0
0
0
0.00223453
0
0
0
0
0
0
0
0
0
0
0
0
0
0
0
0.00054449
0
0
0
0
0
0
0
0
0
0
0
0
0
0
0.00209068
0.000369805
0
0.000759122
0
0
0
0
0
0.0019593
0
0
0
0
0.000438885
0
0
0
0
0
0.000545768
0
0
0
0
0.000656472
0
0
0
0
0
0
0
0
0
0
0
0
0
0
0
0
0
0
0
0
0
0
0
0.000334891
0.000396682
0.000571037
0
0.000831995
0
0
0
0
0
0
0
0
0
0.00136248
0
0
0
0
0
0
0
0
0
0.000727751
0
0.000650107
0
0.00106265
0
0.000612421
0.00134847
0
0
0
0
0
0
0
0
0
0.000245447
0.00121064
0
0.000796391
0
0
0
0
0
0
0.00192882
0
0
0.000729304
0
0
0
0.00244733
0
0
0
0
0
0
0
0
0
0
0
0
0
0
0
0
0
0
0
0.0020454
0
0
0
0
0.000730617
0
0
0
0
0
0
0
0
0
0
0
0
0.000730699
0
0
0
0
0
0
0.000719415
0
0.00205943
0
0
0
0
0
0
0
0
0.000731357
0
0
0
0.00073144
0.000731522
0
0
0
0
0
0
0
0
0
0
0.00119053
0
0
0
0
0
0
0
0
0
0
0
0
0
0.000731935
0
0
0
0
0.00132419
0.000497724
0
0.00049968
0
0.000259717
0.00102604
0
0
0
0
0.000732843
0
0
0
0.000530602
0
0
0
0
0.00665092
0.000947874
0.00231103
0.00776898
0
0.00242147
0.00173937
0
0.0122327
0
0
0.00133003
0
0
0
0
0.00147781
0
0.00101258
0
0.0013311
0
0.000745294
0
0.00133156
0
0
0
0
0
0
0
0
0
0
0
0
0.000619359
0
0.0021791
0.000682172
0.00374298
0
0
0
0
0
0
0
0
0
0
0
0
0
0
0.000621501
0.000331968
0.000640342
0
0
0
0.00133709
0
0.00168903
0
0.00133786
0
0
0
0.00133817
0
0.00074925
0
0.00220602
0
0
0
0.00236745
0
0
0
0
0.00178772
0
0
0.000751592
0
0.00134281
0
0.000624595
0
0
0.000917719
0.000565686
0
0.00150458
0
0
0.000752462
0
0.00075255
0
0
0
0.000559646
0
0
0.00155659
0
0
0.000485977
0
0
0
0
0
0
0.000511929
0
0.00190011
0.00178898
0.00410456
0
0
0
0
0
0.000499303
0.000567724
0
0
0
0
0
0
0
0
0
0
0
0
0
0.00039028
0
0
0
0
0
0
0
0
0
0
0
0
0.000448077
0
0.00103468
0
0
0
0.00151088
0.000463075
0.00197315
0
0
0
0.00237351
0
0.000757643
0
0
0
0
0
0
0
0
0.000757731
0
0
0
0.00137045
0
0.000570244
0.00127563
0
0
0
0
0
0.000758705
0
0
0
0.000758794
0.00865656
0
0
0
0
0.00136413
0
0
0
0
0
0.00149416
0
0.00147938
0.00136574
0
0.000482189
0
0
0
0.000764782
0
0
0
0
0.000683191
0
0
0
0.000764963
0
0
0
0
0.00055386
0.00127127
0
0.000765323
0
0
0
0
0
0
0.000765413
0
0.000836484
0.000575825
0
0
0.000506546
0
0
0
0.00120458
0
0.000766045
0
0
0
0
0.000353424
0
0
0
0
0
0
0.00125591
0
0.000946104
0.00203531
0.00318644
0.000767585
0.000723057
0.00510312
0.00137301
0
0
0.000768766
0
0.000827996
0
0
0
0
0
0
0
0
0
0
0
0.000769039
0
0.000686994
0
0.000687076
0
0
0
0
0
0
0
0.000687157
0
0
0.000769403
0
0.000769494
0
0
0
0
0
0
0
0
0
0
0
0
0
0.00243943
0
0
0
0
0
0
0
0
0.000503564
0
0.000434226
0
0
0
0.00242432
0
0
0
0
0
0
0.00115972
0.00194525
0
0
0
0
0
0
0
0
0
0
0
0
0
0
0
0
0
0.000771597
0
0.000771689
0
0
0
0
0
0
0
0
0
0.00154356
0
0.000641302
0
0
0
0
0
0.000772056
0
0
0
0
0
0.00190012
0
0.0030908
0
0.000416265
0
0
0
0
0.000673529
0
0
0.00142699
0
0
0
0
0
0
0.000773712
0
0
0
0
0
0
0
0
0.000773804
0
0
0
0
0
0
0
0
0
0
0
0
0
0
0
0
0
0
0
0
0
0.000582001
0
0
0
0
0
0
0
0.00046813
0
0
0
0
0
0
0.00232224
0
0.000774358
0.000582417
0
0
0
0
0
0
0
0
0
0.000774542
0.000582556
0
0.000774727
0
0
0
0
0
0
0.0027683
0
0
0
0
0
0
0.000775189
0.00138498
0.00304921
0.00077593
0.0013863
0.000776208
0.00224801
0.00488632
0.00393968
0.011903
0
0.00090994
0
0
0.000807311
0
0.0159074
0
0
0
0
0
0
0
0
0
0.00140087
0
0
0.00227137
0
0
0.000784744
0
0
0
0
0
0
0
0
0
0
0
0.000677581
0
0.000355023
0
0
0
0
0
0
0.00157025
0
0.000785313
0.00046607
0
0
0.00065255
0
0
0
0.000652629
0
0
0
0
0.00289957
0
0
0
0.00140494
0.000786645
0
0
0
0
0
0
0.00078674
0
0
0.00104096
0
0.000787026
0
0
0
0
0
0
0
0.000787122
0
0
0.000551211
0
0
0
0
0
0
0
0
0
0
0.000787313
0
0
0.00140664
0.000787599
0
0
0
0
0
0.000787695
0
0.00078779
0
0
0.000787886
0
0
0
0.000787981
0.000551812
0
0.00211201
0.00070426
0.00118605
0.00198943
0
0
0
0.000655563
0
0
0.00344613
0
0
0
0
0
0
0
0.00355153
0
0
0
0
0
0
0
0
0
0
0
0
0
0
0
0
0
0.000503474
0
0
0.000798547
0.000798645
0
0
0
0
0
0.00142689
0
0.00211394
0
0
0
0
0
0
0
0
0
0
0
0
0
0
0
0
0
0
0.00251444
0
0
0.00159945
0
0
0
0
0
0
0
0
0
0
0
0.000543651
0.00383979
0.00161234
0.000989923
0
0.000561699
0
0
0
0
0.000802296
0
0
0
0
0
0.000426026
0.000631097
0
0.00133349
0
0
0
0
0
0
0
0
0
0
0
0.000631331
0
0
0
0
0.00189423
0.00143483
0
0.00133481
0
0
0
0
0
0
0
0
0.000319257
0.00282963
0
0
0
0
0
0
0
0
0
0.000671898
0
0
0
0.00161779
0.000510188
0.00144556
0
0
0.00208905
0
0
0
0
0
0
0
0
0
0
0
0
0
0.000672735
0
0
0
0
0
0
0
0
0.000809902
0.00207943
0.000637479
0.000810711
0
0
0
0
0.000810812
0
0
0.000810914
0.000673743
0
0
0
0
0
0
0
0
0.00126939
0
0
0
0
0
0.00144972
0.000811724
0.00127687
0.000725312
0
0
0
0.000378492
0
0
0
0
0
0
0
0
0
0
0
0
0
0
0
0
0
0.00202426
0
0
0
0
0
0
0
0
0
0
0
0.000812537
0
0
0
0.00145171
0
0
0
0
0
0.00197819
0
0
0
0
0
0
0
0
0
0
0.00221166
0
0
0
0.00162793
0
0
0.000814167
0
0.00266931
0.00162976
0.000815086
0.000452179
0
0
0.00322189
0.00145847
0.00233249
0.00081755
0
0.00249455
0
0
0
0
0.00081858
0.000516234
0
0
0
0.00143475
0
0
0
0
0
0
0
0.000819407
0
0
0
0
0
0
0
0
0
0.00081951
0.00245884
0
0
0
0
0.00109177
0
0
0.00340787
0.00064731
0
0
0
0
0
0
0
0
0
0
0.000682178
0
0
0
0
0
0.000821272
0
0
0
0
0
0
0.00226996
0
0
0
0.00443758
0
0
0.000392856
0.000737299
0.000825554
0
0
0.000649314
0.000825764
0
0
0
0.000737674
0.00338285
0
0
0
0
0
0
0
0.000827553
0
0.00381565
0
0
0.00162909
0
0
0.00211657
0.00290171
0.000259882
0.000603183
0
0.000916586
0
0
0
0.0024374
0
0
0
0
0
0
0
0
0
0
0.000693315
0.000745545
0
0.000834789
0
0
0
0
0
0.000834896
0.000745833
0
0
0
0
0.000835111
0
0
0
0.00313446
0
0.000694654
0
0
0
0
0
0
0
0
0
0
0.00672287
0.000487942
0
0
0.000606216
0
0.00149609
0.00149648
0.00278435
0.00149763
0.00260085
0
0.00131994
0
0
0
0
0
0
0
0.000839428
0
0.00152333
0.000996767
0
0
0
0.000827014
0
0.000660826
0
0
0.00126404
0.000750853
0
0
0
0
0
0
0
0
0
0
0.00126453
0
0
0
0
0.000440469
0
0
0
0
0
0
0
0
0
0
0
0
0
0
0.00134705
0
0
0
0
0
0
0
0
0.00167159
0
0
0
0
0.00162998
0
0
0
0
0.000662454
0
0.000842477
0
0.000662626
0
0
0
0
0
0
0.000842696
0
0
0
0
0
0
0
0
0.00492012
0
0
0
0
0
0
0
0
0
0
0
0
0
0
0.000754172
0
0
0.00151292
0
0
0
0
0.000701884
0
0
0
0
0.000844999
0
0.00191216
0
0.00109147
0.000559607
0
0
0
0.000484678
0
0
0
0
0.00169242
0
0.00190965
0
0.00133182
0
0
0
0
0
0
0
0
0.000846983
0.00580813
0
0
0
0
0.000850868
0
0
0
0.000850979
0
0
0
0.000760202
0
0
0
0
0.00267761
0
0.0022534
0.000852096
0
0
0
0.00335581
0.012636
0
0.00498745
0
0.00153084
0
0
0
0
0.000712075
0
0
0
0
0
0
0.000332889
0
0.00175033
0
0.000674619
0
0
0
0
0
0.00112109
0
0.000583318
0.000529772
0
0
0
0
0
0
0
0
0
0
0
0.000858517
0
0
0
0
0.00085863
0
0
0
0.000713394
0.000858857
0
0
0
0
0
0
0.000858971
0
0
0.000568269
0
0
0
0
0
0
0
0
0
0
0
0
0
0
0
0.000646152
0
0
0
0
0
0
0
0
0.00444702
0
0
0
0
0.000716807
0
0
0
0
0
0.00330094
0
0
0
0
0
0
0
0
0
0
0
0
0
0
0
0
0
0
0
0
0
0.000475029
0
0
0
0
0
0
0
0
0
0
0
0
0
0
0
0
0
0
0
0
0
0
0
0
0
0.000653941
0
0
0
0
0.00683927
0.000870839
0
0
0.00177162
0
0
0
0
0
0
0.0012619
0
0.00105549
0
0
0
0
0
0
0
0
0
0.00144902
0.00118576
0.000872594
0
0
0.00131263
0
0
0
0
0
0
0
0
0
0
0.00065649
0.000873063
0
0
0
0
0
0.000334084
0
0
0.00145097
0
0
0
0
0
0
0
0
0.000518364
0
0
0.00087365
0
0
0
0
0
0
0
0
0
0
0
0
0
0
0.000873768
0.000873885
0.00156134
0.000780878
0.00176436
0
0
0
0
0
0
0
0
0
0.000874945
0
0
0
0
0
0
0
0.000781615
0.000658171
0
0
0
0
0.00156365
0
0
0
0
0
0
0.000875535
0
0
0.000875653
0
0
0
0
0
0
0
0
0.000875771
0
0
0.00706681
0
0
0
0
0
0
0
0
0.000883398
0.000883518
0.000883639
0.00157876
0.000288906
0
0
0
0
0
0
0
0
0
0
0
0
0.00139058
0
0.000789919
0
0
0.00156782
0
0
0
0
0
0
0
0
0
0.00123747
0
0
0.00128204
0
0.00139669
0
0.00301134
0.00209213
0
0
0.000642245
0
0.0031063
0
0
0
0
0
0
0
0
0
0.000887867
0
0
0
0
0.00471836
0.000439191
0
0
0
0
0
0
0
0
0
0
0
0
0
0
0
0
0.000892383
0.00107963
0
0
0.000671384
0
0
0
0
0
0
0
0
0
0
0
0
0
0
0
0
0
0.00163113
0
0
0.000893365
0
0
0
0
0
0
0.00108081
0.000893733
0
0
0
0
0
0
0
0
0
0
0
0
0.0015968
0
0
0.000798621
0
0
0
0
0
0
0
0
0
0
0
0
0.000672494
0
0
0
0
0
0
0
0
0
0
0
0
0
0.000894349
0.000894472
0
0
0
0
0.00268379
0
0
0
0.000894965
0
0
0
0
0
0.000451197
0
0
0
0
0.000895211
0
0
0.00360953
0
0
0
0
0.00143979
0
0
0.00152137
0
0.00163623
0
0
0
0
0.000641515
0
0.000916316
0
0
0
0
0
0
0
0
0
0
0.00124568
0
0.00183341
0
0.000565913
0.00270873
0
0
0
0
0.0028947
0
0
0
0
0
0.000918779
0
0.000918909
0
0
0
0
0
0
0
0
0
0.000823278
0.000722954
0.000579761
0
0
0
0
0
0.00618289
0
0
0
0
0
0
0
0
0
0
0.000581986
0.000558311
0.000726038
0
0
0
0
0
0.000627536
0
0.00291158
0
0
0
0
0
0.00114069
0.000315324
0.00058298
0
0.00102581
0
0
0
0
0.00456064
0.000926778
0.000540186
0.00154027
0
0
0
0
0
0
0
0
0
0
0
0.0022673
0
0.000928501
0
0
0
0.000614275
0
0
0.000928766
0
0
0
0
0
0
0.000650417
0
0
0.00031106
0
0
0
0
0.0019467
0.000772338
0
0.000961308
0
0
0
0
0.00100164
0.000930363
0.000416771
0.00067373
0.00202148
0.000475238
0
0.00389249
0
0
0
0
0
0.00201439
0
0.00208346
0
0.000880452
0
0
0
0
0.00155357
0
0
0.00196474
0.000655197
0
0
0.00123811
0
0.00211202
0
0
0
0.000836522
0
0
0
0
0
0.000778131
0.000936806
0.00417833
0
0
0.000611802
0
0
0
0
0
0
0
0
0
0.000597967
0
0
0.00173264
0
0.000746308
0
0.000395774
0.000713891
0
0
0
0.000949411
0
0
0.00149349
0
0.00169679
0.00188543
0.00157928
0.00169853
0
0
0
0.0022021
0.000600333
0.000791027
0
0
0
0
0
0
0
0
0
0
0
0
0
0
0.00158229
0
0.000952614
0
0
0.00235201
0
0
0.000953313
0
0
0.00256232
0
0
0
0
0
0
0
0
0
0
0
0
0
0
0
0
0
0
0.00133424
0
0
0
0
0
0
0
0
0
0.00126305
0
0
0
0
0.000954995
0
0.00158694
0.000853387
0.00079382
0.00191139
0
0.00136511
0
0.00517637
0.00057065
0
0.00139257
0.00239769
0
0
0
0
0
0
0.000723837
0
0
0.00479823
0
0
0
0
0.000551928
0
0
0
0.00344293
0
0
0
0
0
0
0
0
0
0
0
0
0.000964213
0.000964356
0.00210053
0
0
0.000965216
0.00160393
0.00240661
0.00279757
0
0
0
0
0
0
0.000966652
0
0
0
0
0.000657062
0
0
0
0.00086368
0
0.00197705
0.000968093
0.000804355
0.00172994
0
0
0
0
0
0
0
0
0
0
0.000610811
0
0
0
0
0
0
0
0
0
0
0.000968815
0
0
0
0
0
0
0
0
0.000865484
0
0
0
0
0
0
0
0
0
0.00296761
0.00166007
0
0
0.000970553
0
0
0
0
0
0
0
0
0
0.00050178
0.000679785
0
0
0
0
0
0
0.000970988
0
0.00210916
0
0
0.00173563
0.00191349
0
0.000627468
0.00323692
0
0
0
0.00272844
0.000705479
0.00206696
0
0
0
0
0
0
0
0.000975363
0
0.000975509
0
0
0
0
0
0
0
0
0
0
0
0
0
0
0.00366866
0.004948
0
0
0.000873039
0
0.000768775
0
0
0.000873301
0.00378578
0.00116159
0.000894268
0
0
0.00107014
0
0.00137187
0.000770631
0
0.0019182
0
0
0
0
0
0
0
0
0.00175347
0.00193316
0
0
0
0
0
0
0
0
0
0
0
0
0
0
0.000877529
0
0
0
0
0
0
0
0.00061959
0
0.0012505
0
0.00284712
0.000968484
0
0.00211955
0
0
0
0
0.00253415
0
0
0
0
0.000880861
0
0.00215556
0
0.00358251
0
0
0
0.00130445
0.00151456
0
0
0
0
0
0
0
0
0
0
0
0.000990236
0
0.000990387
0
0
0
0
0
0.00176952
0.000986952
0
0.000991142
0
0
0
0.00409941
0.00329806
0.000993113
0
0
0
0
0
0.00177439
0
0.000483491
0
0.0017752
0.00177574
0
0
0.00156392
0.000748004
0.000994785
0
0
0.0035107
0
0
0
0
0
0
0
0
0
0
0
0.000602413
0.0016551
0
0.000721391
0
0
0
0
0
0
0.000996617
0
0
0.00299031
0
0
0
0
0
0.000643462
0
0.00100552
0
0.000997689
0
0
0
0
0
0.000997842
0
0
0
0
0.00156969
0
0
0
0
0
0
0
0
0
0
0
0
0
0
0
0
0.000998302
0.000998455
0
0
0
0
0
0
0
0
0
0
0
0
0.000891967
0.00060408
0
0
0
0
0
0.000616491
0.000629979
0.000999223
0
0
0
0.0012897
0
0.000892928
0
0
0
0
0
0
0
0
0
0.00227995
0
0
0
0.00129228
0.00052466
0
0
0
0
0
0
0
0
0
0
0
0
0.000605944
0
0
0
0
0
0
0
0.00425603
0.0021074
0
0
0
0.00132786
0
0.00140602
0.000358411
0
0.000789941
0
0
0.0017947
0
0
0.00115134
0
0
0
0
0
0.00151199
0.000898182
0.00100572
0.00100588
0
0.000898599
0.000791287
0
0
0
0.000728545
0.0010065
0.00126953
0.000836531
0.00100713
0.000729222
0
0
0
0.00179971
0
0
0
0
0
0.00148812
0.00260222
0
0
0
0
0
0
0
0
0.00100885
0
0
0
0
0
0
0.00303524
0.00100963
0.00100979
0
0.00100994
0
0
0
0
0
0.0010101
0.00304431
0.00588308
0.00504316
0
0
0.00307876
0
0
0
0
0
0
0
0
0
0
0.000746954
0.00103194
0
0
0.0010321
0
0.000701558
0
0
0.00254093
0
0
0
0
0
0
0.00103325
0.000659747
0.000858775
0
0
0
0
0
0
0
0
0.00103391
0
0
0
0.00277094
0
0
0
0
0
0
0
0
0.00245493
0
0.00224944
0.00246616
0.000685988
0
0
0
0
0
0
0
0.0018529
0.00103754
0
0
0.000841518
0
0.000794449
0
0
0
0
0
0
0
0
0
0
0
0
0
0
0
0
0
0
0.00163345
0
0
0
0.0072721
0.00104004
0.000753055
0
0
0
0.00104037
0.000782525
0.00185913
0.00416414
0
0
0
0
0.00372184
0
0.00104237
0.00145762
0.00197312
0
0.00104354
0.000820795
0.000507973
0
0
0
0
0
0
0.00104405
0
0.00104422
0
0
0
0.000731278
0
0
0
0
0.00139034
0
0
0.000745895
0
0
0
0
0
0.000659188
0
0
0.00124089
0
0
0
0
0
0.00173774
0
0
0.00071105
0
0
0
0.00164582
0
0.00078719
0
0
0
0
0.00267155
0
0
0
0
0
0
0.00104775
0
0.000436968
0
0
0
0
0
0
0
0
0.00164689
0
0.0008745
0
0
0.0022034
0
0
0
0
0.000937375
0
0.00104962
0.00104978
0
0
0
0
0.00104995
0
0
0
0
0
0
0
0
0
0
0.00105012
0.000872522
0
0.00165221
0
0
0
0
0
0
0
0
0.0010508
0
0
0
0.00174617
0.00105131
0
0
0
0
0
0
0
0.00379843
0.00108888
0
0
0
0
0.000604094
0.00181258
0
0.000439818
0
0
0.000997425
0.00109052
0
0
0
0.00285643
0.00125065
0
0.000742149
0
0
0.000722455
0
0
0.000742398
0.001648
0
0
0
0.00171955
0.000532191
0.00156196
0
0.00109438
0
0
0
0
0
0
0
0
0.00109457
0.000909456
0.000861079
0
0.000823575
0
0.00109531
0
0
0.00107845
0
0
0
0
0
0.00202896
0.00141492
0
0
0
0
0.00219357
0
0
0
0
0
0
0
0
0
0
0
0
0.00132718
0
0.00464972
0
0.00240897
0.00347092
0
0
0.00225076
0
0
0
0
0
0
0.00184288
0
0
0
0.00175821
0
0
0
0
0
0
0
0
0
0
0
0
0
0
0
0.00248353
0.000991382
0
0.00663143
0
0
0
0
0
0
0
0
0
0
0
0
0
0
0
0
0
0.0023431
0.00175531
0
0
0
0
0
0
0
0.0022328
0
0
0
0.00199504
0
0
0.00199573
0
0.00100111
0.00051057
0
0.00120413
0
0
0.00063028
0
0
0
0
0.00199848
0.00111909
0
0
0
0
0
0
0.00031188
0.00103284
0
0.00260955
0
0
0
0
0
0
0
0
0
0
0
0
0
0
0
0
0
0
0.000931119
0
0.00112102
0
0
0.0021121
0.00183904
0
0.00144868
0.00387353
0
0
0
0
0
0
0
0
0
0
0
0
0
0.000605926
0
0.00110799
0.00145802
0
0
0
0
0
0
0
0.000530498
0.00145904
0
0
0.00065694
0.00109885
0
0
0
0
0
0
0
0
0
0.00214773
0
0
0
0.000983357
0.00370174
0.000600172
0
0
0.00316655
0
0
0
0.00105455
0.00101091
0
0
0
0.00158521
0
0
0
0.00394577
0
0.00085277
0
0.000476936
0
0
0
0.00120454
0
0
0
0.00158908
0
0
0
0.000943
0
0
0.0007159
0
0
0.000893
0
0.00154374
0
0
0
0
0
0
0
0
0
0
0.00308857
0
0.00501019
0.000642113
0
0
0.002036
0
0
0
0
0.00171482
0
0
0
0.00155025
0
0
0
0
0.00203815
0
0.00130542
0
0
0
0.00219841
0
0
0.00114292
0.00114312
0
0.00114332
0
0
0
0
0
0
0
0
0
0
0
0
0
0
0
0
0
0
0
0.00204281
0
0
0.00114393
0.00114413
0
0
0
0.00114433
0.00095081
0
0
0
0
0
0
0
0
0
0
0
0
0
0
0.00102249
0
0
0
0
0
0
0
0
0
0
0.00122577
0
0.00328105
0.00077923
0.00250617
0.00114756
0
0
0.000740597
0.00141696
0.00074099
0.000863778
0.00160876
0.00237619
0.00102719
0
0
0.00208703
0
0
0
0
0
0
0
0
0
0
0
0
0.00115082
0
0
0
0
0
0.000761381
0
0.000833431
0
0.000611343
0.00115163
0
0
0
0
0
0
0
0
0
0.00129812
0
0
0.0010292
0
0
0
0
0
0
0.00086669
0
0
0
0
0
0
0
0
0
0
0
0
0
0
0
0
0.00115266
0.00105304
0
0
0
0.00115327
0
0
0.00206059
0
0
0.00259705
0
0
0
0
0
0
0
0
0
0
0
0
0
0
0
0.00103231
0
0
0
0
0
0.0010325
0.000686068
0.000605668
0.00103305
0
0
0
0
0
0.00153047
0
0
0.00128421
0
0.000961998
0
0
0
0
0
0
0
0
0.00122988
0
0
0
0
0
0
0
0
0
0.000747599
0
0
0
0
0.00115883
0
0
0
0
0
0
0
0
0
0
0
0
0
0
0.000962856
0
0
0
0
0
0
0
0.00115924
0
0
0
0
0
0
0
0
0
0
0
0
0
0
0.0019264
0
0
0
0
0
0.000788274
0
0
0.00167966
0
0
0
0
0
0
0.00236055
0
0
0
0
0
0.00232304
0.00243437
0.00116277
0.00333098
0.00168538
0
0.00168599
0
0
0.00140907
0.000837264
0
0
0.00138346
0
0
0.000876959
0
0.00208353
0
0.00154355
0.000581287
0.00241087
0
0
0.000612869
0
0.000902153
0
0
0
0
0
0
0
0
0
0
0.000920686
0
0
0
0
0
0
0
0
0
0.000972751
0
0
0.00117115
0
0
0
0
0
0
0
0
0
0.000501186
0
0
0.00169633
0
0
0.000924096
0.000520181
0.00141849
0.000614419
0
0.00121299
0.00117369
0
0
0
0.00117391
0.00292616
0.0018477
0
0.00184837
0
0
0
0
0
0
0
0
0
0
0
0
0
0
0.00840049
0
0
0
0
0
0.00117731
0
0
0
0.00100764
0
0.00606525
0
0.0045174
0.00294748
0
0.00294909
0.000890388
0.0016096
0.00248188
0
0
0
0.00184134
0
0.00372826
0.00239654
0
0.000733637
0.00277159
0.00314818
0
0
0.00119069
0
0
0
0.00119091
0
0.00393986
0.00213176
0.000835869
0
0.000789793
0
0
0
0
0
0
0
0
0
0
0
0
0
0
0
0
0
0
0
0
0
0
0
0
0
0.00119419
0
0.00119441
0
0.00119463
0.00238971
0
0
0
0
0
0
0
0
0
0
0.00213529
0
0
0
0
0
0
0
0
0.00178656
0
0
0
0
0.00198779
0
0
0.00119683
0
0.00119705
0
0
0
0
0
0
0
0
0
0
0
0
0
0
0
0
0
0
0
0
0
0
0
0.00100697
0.000838643
0
0
0
0
0
0
0
0
0.00119794
0.00119816
0
0
0.00119838
0
0
0
0
0
0
0
0
0
0
0
0
0
0
0
0
0
0
0
0
0
0
0
0
0
0
0
0
0
0.00351232
0
0
0
0
0
0
0
0
0
0
0
0
0
0
0.00120954
0
0
0.00120977
0.00190313
0
0
0.00125142
0
0
0
0.00100594
0
0
0
0
0
0.0011174
0
0
0.00334466
0
0
0
0
0.00149799
0
0.000850091
0.00106754
0
0
0
0
0
0
0
0.00229793
0
0.00155648
0.00181769
0.00417873
0
0
0
0.00396246
0.00174389
0.00136126
0.00417265
0.00386668
0
0
0.00188202
0
0.00241678
0
0.00104534
0
0.00411286
0
0
0
0
0
0
0.00231565
0
0
0
0
0
0.000881321
0
0
0
0
0
0.000800474
0.00143919
0
0
0
0
0
0
0.00818642
0.00188474
0.00116316
0
0
0.00432813
0
0
0
0
0.00205025
0
0.00232959
0
0
0
0
0
0
0
0
0.000774153
0
0
0
0
0.0011655
0.00130511
0
0
0
0
0
0
0
0.00354866
0
0
0
0
0
0
0
0
0
0
0
0
0
0.00228407
0
0.0021719
0
0
0
0
0
0
0
0
0
0
0.00523093
0
0
0
0.00130879
0
0
0
0
0
0
0.00130905
0
0
0
0
0
0
0
0
0
0.00196931
0
0
0.000846065
0
0
0
0
0
0
0
0
0
0
0
0
0
0
0
0
0
0.0014537
0
0
0
0
0.000867136
0.000867311
0
0.000793189
0
0
0.00131169
0
0
0
0.00291093
0
0
0
0
0
0
0.00656509
0
0
0
0
0
0
0
0
0
0
0.00131435
0
0
0.00156021
0.00089381
0.00153319
0
0.00109321
0
0
0
0.000469714
0
0.00109365
0
0
0
0
0
0
0.00078137
0.000680798
0
0
0
0
0
0
0
0
0
0.00109432
0.000990847
0.01008
0.00132157
0
0
0
0
0.00092555
0
0
0
0.0017491
0
0
0
0
0.00104015
0
0
0
0
0
0
0
0
0
0
0
0
0
0
0
0
0
0
0
0
0
0
0
0
0
0
0
0
0
0
0.00132291
0
0.00132318
0
0.00236424
0.00132399
0
0
0
0
0
0
0
0.0066007
0
0
0
0.00132588
0
0
0
0
0
0
0
0
0
0
0.00118453
0
0
0
0
0.00132642
0
0
0
0
0
0
0
0
0
0
0
0
0
0.00428024
0
0
0
0.000837422
0
0
0
0
0
0
0
0
0
0
0
0.00394387
0
0.00192603
0
0
0
0
0
0.00110553
0
0
0
0
0
0
0
0
0
0
0
0.001001
0
0
0
0.000932188
0
0
0.000859207
0
0
0.000537512
0.00118987
0
0
0
0
0
0
0
0
0
0.000697882
0
0
0
0
0.00238073
0
0
0
0
0
0.00100264
0
0
0
0
0.0013335
0.00119134
0
0
0
0
0
0
0.000906658
0
0
0
0
0
0
0
0
0
0
0
0
0
0
0
0
0
0
0.00133432
0
0
0
0
0
0.00119207
0
0
0
0
0
0
0
0
0
0
0
0
0
0
0
0
0
0
0.00133487
0
0
0
0
0
0
0.00238513
0
0
0
0
0
0.00133569
0
0.00133597
0
0.00133624
0
0
0
0
0
0
0
0
0
0
0
0.000753125
0
0
0
0
0
0.00161706
0
0
0.00133734
0
0.00133762
0.00133789
0.00210472
0
0
0
0
0
0.00133872
0
0
0
0
0
0
0.00201396
0
0
0
0
0
0
0
0.0029093
0
0.0241924
0
0
0
0
0
0
0
0
0
0
0
0
0.000891048
0.000975398
0
0
0
0
0
0.00105978
0
0
0
0
0
0.00240789
0
0
0
0.00121965
0
0
0
0
0
0
0
0
0
0
0
0.001349
0
0
0
0
0
0
0
0
0
0
0.00134928
0.00224228
0
0
0
0.00241189
0.00241289
0
0
0
0
0
0
0
0
0.00206891
0
0
0
0
0
0
0
0
0
0
0.00212662
0
0
0
0.00362461
0
0
0.0013535
0
0
0
0
0
0
0
0
0
0
0
0.0010181
0.00135406
0
0
0
0
0.000803684
0.000803852
0.00071938
0
0
0.00121047
0
0.000874622
0
0.00121098
0
0
0
0
0.00135604
0
0
0
0
0
0
0
0
0
0
0
0
0
0
0
0
0
0
0
0
0
0.000701121
0
0
0
0
0
0.00135661
0
0
0
0
0.00106709
0
0.00271435
0
0
0
0
0
0.000876083
0
0.00274036
0
0.000877184
0
0
0
0
0
0
0.00229862
0
0
0
0
0
0
0
0
0.00288548
0.000545354
0
0
0
0
0
0
0
0
0.00139055
0
0
0
0
0
0
0
0
0
0
0
0
0
0
0
0
0
0
0
0
0
0.00084111
0
0
0
0
0
0
0
0
0.00085956
0
0.00136344
0.00113291
0
0
0
0
0
0
0.00113314
0
0
0
0
0
0
0
0
0.00205202
0
0
0.000927608
0.00243875
0
0
0
0
0
0
0
0
0
0
0
0
0
0
0
0
0
0
0.00136574
0
0
0
0
0
0
0
0
0.00185678
0
0
0
0
0.00185756
0
0
0
0
0
0
0
0.00136717
0
0
0
0
0
0
0
0.001915
0
0
0.00122194
0
0
0.000681478
0.00141495
0.000698793
0
0
0
0.00136948
0
0
0
0.00136977
0.00122375
0
0
0
0
0
0
0
0.00137034
0
0
0
0.000748862
0
0
0.00137092
0.00224753
0.00186501
0.00206459
0
0.00114081
0
0
0
0
0
0
0
0
0
0
0
0
0
0
0
0
0.00122685
0
0
0.00137382
0
0
0
0
0
0
0
0
0
0.00228306
0
0
0.000661522
0
0.00163186
0
0
0
0.00108177
0.00192676
0
0.00216492
0.0022879
0
0
0
0
0.00331824
0.000486121
0
0.00229374
0
0
0
0
0
0
0
0.00138112
0
0
0
0
0
0.00138142
0.00233578
0
0
0
0
0
0
0.0021746
0
0
0.00104021
0.00247147
0
0.00138407
0.00123259
0.0027274
0.002024
0.0019428
0
0
0
0.0012397
0
0.00138821
0
0
0
0
0
0
0
0
0
0
0.0013885
0
0.00161873
0
0
0
0
0
0
0
0
0
0
0
0
0
0
0
0.00208976
0
0
0.00168141
0
0.00248417
0
0
0
0
0
0
0.00375345
0
0
0
0
0.00139327
0
0.00187254
0.00139446
0
0
0
0
0
0
0
0
0.000947922
0
0.00139506
0
0
0.00175974
0
0
0
0.000721611
0
0
0
0
0
0.00114532
0
0
0
0
0
0
0
0
0.00124769
0
0
0
0
0
0
0
0
0.00133007
0
0
0.00231203
0
0
0
0
0
0
0
0.00277618
0
0.00139987
0
0
0
0.000980405
0
0
0
0
0
0
0
0.00172864
0
0
0
0
0
0
0
0
0
0
0
0
0
0
0
0
0
0
0
0
0.00116394
0
0
0.00140138
0
0
0
0
0
0
0.000765828
0
0
0
0.00140199
0.00140229
0
0
0.00110303
0
0.0047275
0
0
0
0
0
0
0.00140563
0.00077986
0
0
0
0
0
0
0
0
0
0.00233644
0
0.00281369
0
0
0.0010321
0
0
0
0
0
0.00140807
0
0
0
0
0
0
0
0
0
0
0
0
0
0
0
0
0
0
0
0
0
0
0
0
0
0.00116999
0.00191475
0
0.00503516
0
0
0
0
0
0.00251976
0
0
0
0
0
0
0.00554867
0.0100944
0.00141512
0
0.00141543
0
0
0
0.00141573
0
0.00117637
0
0
0
0
0
0.0051399
0
0.00141821
0
0
0.00141852
0
0
0.00102716
0
0
0.00141914
0
0
0.00213496
0
0
0.00142007
0
0.00126869
0
0
0.00231187
0
0.00118126
0
0
0
0
0
0.00142224
0
0
0.00142255
0
0
0
0
0.00142287
0
0
0
0
0.00142318
0
0
0
0.00254295
0
0
0
0
0
0
0
0
0
0
0
0
0
0
0
0
0
0
0.00613461
0
0.00237029
0
0.00142724
0
0
0
0
0
0.00765063
0
0
0
0
0
0
0
0
0.000729542
0
0
0
0
0
0.00142975
0
0
0
0
0
0
0.00400534
0.00286266
0
0
0
0
0
0
0
0
0
0
0
0
0.00215378
0
0
0
0
0
0
0
0
0
0
0.0034095
0
0
0
0
0
0
0
0
0
0
0
0
0
0
0
0
0
0
0
0
0
0.00256203
0
0
0
0.0014348
0
0
0
0
0
0
0
0
0
0
0
0
0.00237382
0
0
0
0
0
0
0
0
0
0
0
0.00370732
0.00143766
0
0.0028536
0
0
0
0
0
0
0
0
0
0
0
0
0
0
0
0.00104172
0
0
0
0
0.00108238
0.00937962
0.00325434
0
0.00257854
0
0
0
0
0.00128984
0
0.00447981
0
0.0020941
0.00227581
0.000815715
0
0
0
0.00144791
0
0
0.00467583
0
0
0.00182968
0
0
0.00145147
0
0
0
0
0
0
0
0
0
0
0.00241214
0.000987125
0
0
0
0.00183214
0
0
0
0
0
0
0
0
0
0
0
0
0
0
0
0.00241483
0
0
0
0
0
0
0
0
0.00109352
0
0
0
0
0
0.00241646
0.00109426
0
0
0
0
0.000664681
0
0
0.000645866
0
0
0
0
0
0
0.00120958
0
0.0019267
0
0.000963784
0.00229215
0.00121121
0.000964649
0
0
0
0
0
0
0
0
0
0
0
0
0
0
0
0
0
0
0
0
0.00339899
0.00438085
0.00146127
0
0.0014616
0.00438577
0
0
0.00211815
0
0
0
0.000907983
0.00146423
0
0
0.000945007
0.00212102
0
0
0
0.00243499
0
0
0
0
0
0
0
0
0
0
0
0
0
0
0
0
0
0.00133926
0
0
0
0
0
0
0
0
0
0
0
0
0
0
0
0
0.00262045
0
0
0
0
0
0
0
0
0.00365743
0.00146853
0
0
0
0
0
0
0
0
0
0
0
0
0
0.00146886
0
0
0
0.00102873
0
0
0
0
0
0
0
0.000972067
0
0
0
0
0
0
0
0.000750173
0
0
0
0
0
0
0.000566661
0
0.000842374
0.00205647
0.00185621
0.00213207
0
0.00244769
0
0
0
0
0
0
0.002064
0.00147453
0
0
0
0
0
0.00552225
0
0.00301776
0
0
0
0
0.00172453
0
0
0
0
0
0.0049188
0.00207483
0
0
0
0
0
0
0
0
0
0
0
0
0
0
0
0.00132398
0
0
0
0
0
0
0
0
0.00279287
0.00266562
0
0
0
0.00091689
0
0
0
0
0
0
0
0
0
0
0
0
0
0
0
0
0
0
0
0
0
0
0.00132731
0
0
0.00223557
0
0.00144076
0
0
0.00090001
0
0
0
0
0
0
0
0.00196275
0
0
0
0
0
0.00133035
0
0
0
0
0
0
0
0
0
0
0
0
0
0.00096126
0
0
0.00149009
0
0
0.00187963
0
0
0
0.00117264
0
0
0
0
0
0
0
0
0
0
0
0.00347678
0
0
0
0
0
0
0
0.00160766
0.00698875
0
0
0
0
0
0
0
0
0
0
0
0
0
0
0
0
0
0
0
0
0
0
0
0
0.0128841
0
0.00155171
0
0
0
0
0
0
0.00277266
0
0
0
0.00465846
0
0
0
0
0
0
0.00155393
0
0.00108833
0
0
0.00129153
0
0
0
0
0.00155505
0
0.00138932
0
0
0
0
0
0
0
0
0
0
0.00225263
0
0
0
0
0
0
0
0
0
0.00155654
0
0
0
0
0
0.00155691
0
0
0
0
0
0
0
0
0
0.00402501
0.00234509
0
0
0
0
0.00331806
0.00100798
0
0
0
0
0
0
0
0
0.00328225
0.00526717
0
0
0
0
0
0.00236862
0
0
0
0
0
0
0.00286343
0.00340751
0
0
0
0
0
0
0
0
0.00157008
0
0
0
0
0
0.00140275
0
0
0
0
0
0.00130496
0
0.00317056
0.00281026
0
0
0
0
0
0
0
0.00157388
0.00140615
0
0
0
0
0
0
0
0
0
0.000836047
0.00157503
0
0
0
0
0
0
0.000887741
0
0
0
0
0
0
0
0
0
0
0
0.00107095
0
0.00726938
0
0
0
0.0031716
0
0
0
0
0
0.00256123
0
0
0
0
0
0
0
0
0
0
0
0
0.00791592
0
0
0
0
0
0
0
0
0
0.00159046
0.00142096
0.00159124
0.00159163
0
0
0
0
0
0.00210618
0
0
0
0
0
0
0
0
0
0
0
0
0
0
0
0
0
0
0
0
0
0
0
0
0
0
0
0.0013232
0
0
0
0
0
0
0
0
0.00159319
0
0.00956146
0.00142549
0
0.00153634
0
0.0015971
0
0
0.000825787
0
0
0.00159789
0
0
0
0
0
0
0.00159828
0
0
0
0
0
0
0
0
0
0
0
0
0
0
0.0028559
0.00159946
0
0
0
0
0
0
0
0.00159985
0
0
0
0
0
0
0
0.00571742
0
0.0013307
0.00160222
0
0
0
0
0.00160261
0
0
0
0.00266337
0
0
0
0
0
0
0
0.000951712
0
0
0
0.00207021
0
0
0
0
0
0
0
0
0
0
0
0
0
0.00320998
0
0
0
0
0.00160578
0
0.00504766
0.00187488
0
0.00431249
0.00161056
0.00161096
0
0
0
0.00620288
0
0
0.00386297
0.00163861
0
0
0
0
0.00655608
0
0
0.00326847
0.00146695
0
0.00239818
0
0
0
0.00530394
0.00103796
0
0.00238396
0
0
0.00147141
0
0
0.00120831
0
0
0
0.000500091
0
0
0
0
0
0
0
0
0
0
0
0
0
0
0.00268341
0
0.00124138
0
0
0
0
0
0
0
0
0
0.00294955
0.00688696
0.0023626
0.00104314
0
0
0
0
0
0.00154334
0
0.00103291
0
0
0
0
0
0
0.00121196
0
0
0
0
0
0
0
0
0
0
0
0
0
0
0
0
0.00454372
0
0
0
0
0.00216431
0
0
0
0
0
0.00126191
0
0.00243018
0
0
0
0.00132062
0.00150034
0.00440361
0.00479841
0
0
0.00168845
0
0.00537065
0
0
0.00182449
0
0.00387781
0
0.00449321
0
0
0
0
0
0.00123067
0.00133721
0
0
0
0
0
0.00754222
0
0.00152439
0
0
0
0
0
0
0
0
0
0
0
0
0.0101369
0.00204214
0
0
0
0
0
0.0134412
0.00175318
0
0.00175366
0
0
0
0
0
0.00638764
0.00190847
0.00114377
0
0
0.00146316
0.00123357
0.00352444
0.00157489
0
0.00176365
0
0
0.00315148
0
0
0
0
0
0
0
0
0
0
0
0
0
0
0
0
0
0.0015766
0
0
0
0
0
0
0.00176557
0
0
0
0
0.00176605
0
0.00176653
0
0
0
0.00473493
0
0.00643538
0
0
0
0
0
0.00177862
0
0
0
0
0
0
0
0
0
0
0
0
0
0.00158912
0
0
0.00535332
0
0.00257951
0
0.00129046
0
0
0.000989025
0
0
0
0
0
0
0
0
0
0
0
0
0
0
0.00178351
0.00408776
0.00178596
0
0
0
0
0.0011817
0
0.00357388
0.00178792
0
0
0
0
0
0.00115397
0
0
0
0
0
0.00187397
0.00230985
0
0
0.00281676
0
0.00160051
0
0.00205346
0.00231432
0.0014111
0
0
0
0
0
0.00179483
0
0
0
0
0.00160361
0
0
0
0
0
0
0
0
0
0
0
0
0
0
0
0
0
0
0
0.00359165
0.00320987
0
0
0
0
0
0
0
0
0.018364
0.0105921
0
0
0.00181998
0.00118287
0
0
0.00199041
0
0
0
0
0
0
0
0.00395508
0
0.0123936
0
0.00422387
0
0
0
0
0
0
0
0
0
0.00183385
0
0
0
0
0
0
0
0
0.00163847
0
0
0.00183488
0
0
0
0.0013803
0
0
0
0
0
0
0.0014438
0
0
0
0
0
0
0
0.00183644
0.00551087
0.00183851
0
0
0
0
0
0.00328529
0
0
0
0
0.00184008
0
0
0.00336246
0
0
0.00579649
0.000887733
0
0
0
0
0
0.00486685
0
0
0
0
0
0.00184845
0
0.00315353
0
0.00273422
0
0
0
0.0018532
0
0
0
0.00165577
0
0
0.00264783
0
0
0
0
0.00308345
0
0
0
0.00510808
0
0.00186276
0.00158064
0.00154881
0
0.00702236
0
0.00441754
0
0.00107353
0
0
0
0
0
0
0.000775185
0
0.00187513
0.00335073
0.00147592
0
0
0
0
0
0
0
0
0
0
0.0018773
0
0
0
0
0
0
0
0.0016773
0
0
0.000970985
0
0
0
0
0
0
0
0
0
0.00136025
0
0
0.00141343
0
0
0
0.00201275
0.00323363
0
0
0
0
0
0.0134062
0
0
0
0.00196005
0
0
0
0
0
0
0.00196064
0
0
0.00350358
0.00489078
0.00818583
0
0.00199866
0
0.00199928
0
0
0
0
0
0.00466023
0
0.000872435
0
0.00247308
0
0
0.00292677
0.00315316
0
0.00113181
0.00422047
0
0
0
0
0
0
0
0
0
0
0
0
0
0
0
0.00201103
0
0
0
0
0
0
0
0
0
0.00281713
0
0
0
0
0
0
0
0
0
0
0
0
0
0
0.00563775
0
0
0
0
0
0
0
0
0
0.0020154
0.00360146
0
0
0
0
0
0
0
0.0021132
0.00721747
0.00168158
0
0
0.0046882
0
0
0
0
0
0.00323224
0
0.00294091
0
0
0
0
0
0
0
0
0
0
0
0.00475337
0.00427015
0
0.00138693
0.00138737
0
0.002042
0
0
0
0.00802646
0
0
0
0
0
0
0
0.00205363
0
0
0
0
0
0
0.00205428
0
0
0
0
0
0.00367096
0
0
0
0.00106292
0
0.00129699
0
0
0
0
0.000710775
0
0
0
0
0
0
0
0.00341963
0.00271587
0
0
0
0
0
0
0
0.00206144
0
0.00136404
0
0.00206275
0
0
0
0
0
0.00412681
0
0
0
0.00799354
0.00739098
0
0
0.0055503
0.00130734
0
0
0
0
0
0
0.00163098
0.0020746
0
0
0
0
0
0
0
0
0.00207526
0
0
0
0
0.00739125
0
0
0
0
0.00145635
0
0.00227349
0.00208191
0
0
0.00208257
0
0
0.00208324
0
0
0
0.0055841
0
0
0
0
0.00403781
0
0.00328397
0
0
0
0
0.00164304
0
0
0
0
0
0
0
0
0
0
0.00208994
0
0
0
0
0
0
0
0.00324208
0
0
0
0
0
0.00164568
0
0
0
0
0
0
0.00151545
0
0
0
0
0
0
0
0.00660195
0
0
0
0
0
0
0
0
0
0
0
0
0
0.00126854
0
0.00164993
0
0
0.00277652
0
0
0
0
0
0
0.00210007
0
0
0
0
0.00210074
0.00210142
0.00375524
0
0
0
0.00474567
0
0
0
0
0
0
0
0
0
0
0
0
0
0
0
0
0
0.00210551
0.00376253
0
0
0
0
0
0
0
0
0.0105378
0
0
0
0
0.00211097
0
0
0
0
0.00211166
0.00211234
0
0.00211303
0
0
0.00211372
0.00422881
0
0.00211578
0
0
0
0
0.00112372
0.00175881
0
0
0.00125675
0
0
0
0
0
0.00211854
0.00136743
0
0
0
0
0.00153472
0
0
0
0
0.0037883
0
0
0
0
0.00636598
0
0
0
0
0.0147331
0
0
0.00462982
0
0.00426767
0.00145117
0
0
0
0
0
0
0
0
0
0
0
0
0
0.00381568
0
0
0
0
0
0
0.00381819
0
0
0
0
0
0
0
0.00213875
0
0
0.00213945
0.00214016
0.00191224
0
0
0
0
0
0
0
0
0
0.009163
0
0
0
0.00874034
0
0
0
0
0
0
0.00385368
0.00215864
0.00385752
0.00217843
0
0
0
0
0.00216223
0
0
0
0
0
0
0
0
0
0.00147
0
0
0
0
0.00216367
0.00216439
0
0
0
0
0
0
0
0
0
0
0
0
0
0
0.00762552
0
0
0.00341676
0.00651139
0
0
0.00152619
0
0
0
0.0045801
0
0
0
0
0
0.00577492
0
0
0
0.0040742
0
0
0.00344207
0
0
0
0.00391212
0
0
0
0
0
0
0
0
0
0
0
0.0021914
0
0
0
0.00195804
0
0.00218427
0
0
0
0
0
0
0
0.00172568
0.0021951
0
0
0
0
0
0
0
0
0
0
0
0.00115013
0.00141734
0.00196267
0
0.0082873
0
0
0
0.00230255
0
0
0
0
0
0
0
0
0.00161282
0
0.00230418
0
0.00205884
0
0.00205957
0
0.00230663
0
0
0
0
0
0
0
0
0
0.00490049
0
0.00231073
0
0.0013717
0
0.00284516
0.00137365
0
0
0.00314759
0
0
0
0
0
0
0
0
0
0.00153287
0
0
0
0
0
0
0
0
0
0
0
0
0.00182303
0
0
0.00140258
0.0023198
0
0.00299477
0
0
0
0
0
0
0
0.00406016
0
0.00386258
0
0
0
0
0
0
0
0
0
0
0
0.00150114
0
0
0
0
0
0
0
0
0
0.0201323
0
0
0
0
0
0.00233647
0
0
0
0
0
0
0
0
0
0
0
0
0
0
0
0
0
0
0
0
0
0.00755129
0
0
0
0
0
0
0
0
0.00234237
0
0
0
0
0
0
0
0
0
0
0
0
0.00183355
0
0.00418898
0
0
0
0
0
0
0
0
0
0.00118287
0
0
0.00704232
0
0
0
0
0.00234998
0
0
0
0
0
0
0
0
0
0.00111183
0
0
0
0
0
0
0
0
0.00151797
0
0
0
0.00290484
0
0.00391295
0.0023568
0
0
0
0
0.00160233
0
0
0
0
0
0
0
0.00707553
0
0
0
0
0
0
0
0
0
0
0.0184343
0.00832973
0
0
0
0.00517682
0
0.00179454
0.00594918
0
0
0
0.00265113
0
0
0
0
0
0
0
0
0
0
0
0.00250521
0
0.00443106
0
0
0.00376836
0
0
0.00199184
0
0.00239855
0
0
0.0021432
0
0
0.00240032
0
0.00214478
0
0.00214557
0
0
0
0
0
0.00444907
0
0.00240565
0
0.00199921
0
0
0
0
0
0.00240743
0
0
0.00240832
0.00362364
0
0
0.00379211
0
0
0
0
0
0
0
0.00431024
0
0
0
0
0.00346982
0
0
0
0
0
0
0.00362168
0
0.00432631
0
0.00432953
0
0.00242539
0
0.00242629
0.0036507
0
0
0
0
0
0.00405145
0
0
0
0
0
0
0.0040418
0
0.00170462
0
0
0
0
0
0
0
0
0
0
0
0
0
0.00243538
0
0
0
0
0
0
0
0
0
0
0
0
0.00243629
0
0
0
0
0
0
0
0.00183288
0
0
0.00243812
0.00435714
0
0
0
0
0
0
0
0
0
0.00436041
0
0
0.0024427
0
0
0
0
0.00240561
0.0038463
0.00135749
0
0.00244822
0
0
0
0
0
0.00177306
0.00245006
0.0019275
0
0
0.00245191
0
0
0
0.00245283
0
0.00490752
0
0
0.00553493
0
0
0
0
0
0
0.00112319
0.00370043
0
0.00239624
0
0
0
0
0
0.0040366
0.00441176
0
0
0
0
0
0
0
0
0
0.00194362
0.00246272
0.00168161
0
0
0
0
0
0
0
0
0.00235639
0
0
0
0
0
0
0
0
0
0
0
0
0.00149824
0
0
0
0
0
0
0.00107938
0.00097733
0
0
0.00247997
0.00248092
0.00443365
0
0.00413274
0.00112541
0
0
0
0
0.00180225
0
0
0.00147784
0
0
0
0
0.00249138
0
0.00199587
0
0
0
0
0
0
0
0
0
0
0
0
0
0
0
0
0
0
0.00116244
0
0
0.00132481
0
0.00249616
0.00375587
0
0.00207606
0
0
0
0
0.000910372
0
0
0.00500193
0.0044712
0
0.0156613
0
0
0
0
0
0
0
0
0
0.00251158
0.00377908
0.0170703
0
0
0
0
0
0
0
0
0.00252524
0
0.00503262
0
0
0
0
0
0.00579748
0
0
0
0
0
0.00452697
0
0
0
0.00313033
0.0035543
0
0.0711211
0.00256811
0.00256912
0
0
0.00257014
0
0
0
0
0.00257115
0.00512415
0
0
0
0.00257625
0
0
0.00460408
0
0
0
0
0.00257931
0.00416821
0.00291149
0.00258547
0
0
0
0
0.0184822
0
0
0.00259475
0.00308073
0
0
0
0
0
0
0
0.00480988
0
0
0
0
0
0
0
0
0
0.00142107
0
0
0
0.00260201
0
0.00260306
0
0
0.0153996
0.0131615
0
0
0
0
0
0
0
0
0
0
0
0
0
0
0
0
0
0
0
0.00218611
0.00656098
0
0
0
0
0
0
0
0
0
0
0.00218965
0
0
0
0
0.00438108
0
0.00263899
0.00382255
0
0
0
0
0.00596114
0
0.00472585
0.00264758
0
0
0.00270359
0
0.00265082
0
0
0
0
0
0
0.0026519
0
0
0.00208636
0
0
0.00265406
0.00399356
0
0.00517242
0
0
0
0
0.00266167
0
0.00266276
0
0
0
0
0
0
0
0.00861307
0
0
0
0
0.00201074
0
0
0
0
0
0
0
0
0
0
0
0
0
0
0
0
0.0118543
0
0
0
0
0
0
0
0
0
0.00125642
0
0.0045758
0
0.00270151
0.00189239
0.00195739
0
0
0
0
0
0
0
0.0019582
0
0
0
0
0
0
0
0.0122224
0.02192
0
0
0
0
0.0153498
0
0.0100899
0
0
0.00498825
0.00356653
0.00502617
0
0
0
0
0
0
0
0
0
0
0
0
0
0
0
0
0
0
0
0
0
0
0.00381153
0
0
0
0.00543277
0
0
0
0
0
0
0.00220998
0
0
0
0
0
0
0
0
0
0
0
0.0040146
0
0
0
0
0
0
0.00181641
0.00503104
0.00295274
0
0
0
0.00282116
0.00182114
0
0
0
0
0.00212347
0
0
0
0
0
0
0
0
0
0
0
0
0.00282483
0
0
0
0
0
0
0
0
0
0
0
0
0
0
0
0.00504853
0
0
0
0
0
0
0
0
0.00565703
0.00283098
0
0
0
0
0
0
0
0
0
0
0
0
0
0
0.00505951
0.00506392
0
0
0
0
0
0
0.00804653
0.0023652
0.00284834
0
0.0037699
0.00254751
0.00379791
0
0
0
0.00169543
0.00427071
0.00895842
0.00216005
0.00477431
0
0
0
0
0
0
0
0.00477853
0
0.00287861
0
0
0
0
0
0
0
0
0.00152905
0
0
0
0
0
0
0
0
0
0.0163143
0
0
0
0
0
0
0
0
0
0
0
0
0
0
0
0.00517679
0
0
0
0
0.008725
0
0
0
0
0
0
0
0
0
0.00290562
0
0
0
0
0
0
0.00290692
0
0
0
0.00290822
0
0
0.00534282
0
0.0080806
0
0
0
0
0
0
0.00331982
0
0
0
0
0
0
0
0
0
0
0
0.00462175
0
0
0
0
0.00399776
0.0032658
0
0.00274639
0
0
0
0
0
0
0
0
0.00463852
0
0
0.00263659
0.00295315
0
0
0
0
0
0
0
0
0.0127251
0
0
0
0
0.00299124
0
0
0
0
0.00299261
0
0
0.00598798
0.00535345
0.00535838
0
0
0
0
0.00804499
0
0
0
0
0
0
0.00300644
0
0
0
0
0
0
0
0
0
0.0120313
0
0.00473958
0
0.00211194
0.00237309
0.00603798
0
0
0
0
0
0
0
0
0
0
0
0
0
0
0
0
0
0
0
0
0
0
0
0
0
0.00712918
0
0
0
0.00270286
0.002515
0
0.00305354
0
0.00165638
0.00228099
0.00271042
0
0
0
0
0
0
0
0
0
0
0.0182154
0
0
0.0027193
0
0
0
0
0
0
0
0.00171632
0
0
0
0
0.00609453
0
0
0
0.00750579
0.00592094
0
0.00147398
0
0.00273724
0.00429355
0.00202998
0
0
0.00548481
0
0
0
0
0
0
0
0.00233457
0
0
0.00620239
0
0
0
0
0
0
0
0.0385393
0
0
0
0
0
0
0
0
0
0
0
0
0
0
0
0
0
0
0
0
0
0
0
0
0
0
0.00310249
0
0
0
0
0
0
0.0151203
0
0
0
0
0.0140397
0
0
0
0
0
0
0
0
0
0
0
0.00428393
0.00765793
0
0.00174625
0.00674921
0.00338456
0
0
0
0
0
0
0
0
0.0043066
0
0
0.0107401
0
0
0
0.0129893
0
0
0
0.00773431
0
0.00399978
0
0
0
0
0.00434105
0
0.00868789
0
0
0.00828175
0
0
0
0
0
0.00436141
0
0
0
0
0
0
0
0
0
0
0.00830953
0
0
0
0
0
0
0
0
0
0
0
0
0
0.00437607
0
0
0
0.00437901
0
0.00438196
0
0.0043849
0
0.0052076
0.00567017
0.0371885
0
0.0112027
0
0
0
0
0
0
0.00398375
0.00370768
0
0
0
0
0
0
0
0
0
0
0.0185694
0
0
0
0
0
0
0
0
0
0
0.00306907
0
0
0
0
0
0.0116798
0.00405043
0
0
0
0
0
0
0
0
0
0
0
0.00810651
0
0
0
0.0166609
0
0
0
0.00330593
0
0
0
0.00718742
0
0.00817489
0
0
0.00916513
0
0
0
0.00381228
0
0
0
0
0
0
0
0
0
0
0
0
0
0
0
0
0
0
0
0
0
0
0
0
0
0
0
0
0
0
0
0
0
0
0
0
0.0108343
0
0
0
0
0
0
0.00273087
0
0
0
0
0
0
0
0
0
0.00460524
0
0
0
0
0
0
0
0
0
0
0
0
0
0
0
0
0
0
0
0.00232305
0
0
0
0
0
0
0
0
0
0
0
0
0
0
0
0
0.0138729
0
0
0.00313552
0
0.00463145
0
0
0
0
0
0
0.00770054
0
0
0.00464134
0
0
0
0
0
0.00365264
0
0.00293085
0.0109842
0.00777252
0
0.00886221
0
0.00469493
0.0062157
0
0
0
0
0
0
0.0021928
0
0
0
0.00370286
0.0298329
0.00512634
0
0
0
0.00528861
0.00538046
0.00359563
0
0
0
0
0
0
0
0
0
0
0
0.00478468
0
0
0
0.0047882
0
0
0
0
0
0
0
0
0
0.00479171
0
0
0
0.0118996
0.0303476
0.00433425
0.0076378
0.00731481
0
0.0170309
0.00228016
0.00489623
0
0.0171546
0
0.00344388
0.0121139
0.00371569
0
0
0
0
0.0038885
0
0
0.00441988
0
0
0
0
0
0.00495208
0.00495584
0
0
0
0
0
0
0.00885994
0
0.00279899
0.00171722
0
0.00720296
0
0
0
0.00374694
0.00455446
0
0
0
0
0
0
0.00446054
0
0
0
0
0
0
0
0
0
0
0
0.00538635
0
0
0.00362643
0.0157695
0
0
0
0
0
0.00502855
0.00324717
0
0
0
0
0.00449849
0
0.0122633
0
0
0
0.0140731
0
0
0
0
0
0
0
0
0
0.0050915
0
0
0.011496
0.00322059
0
0
0
0
0
0
0
0
0
0.00966936
0
0.00425633
0
0.00771227
0
0
0
0
0
0.00316952
0
0
0.00386526
0
0
0
0
0
0
0
0
0.00396515
0
0
0.0129863
0
0.00375653
0
0
0
0
0
0
0
0
0
0
0.0122518
0.0125937
0
0.00273526
0
0
0
0
0.00674466
0
0
0
0
0
0
0
0.00267168
0.0039513
0
0
0
0
0.00524747
0
0
0.0105034
0.00939685
0.00526866
0
0
0
0
0
0
0
0
0.00438043
0
0
0
0
0
0.0263038
0
0
0
0
0.00360403
0.0153688
0.00300041
0
0
0
0
0
0.0101462
0.00337131
0
0
0
0.00660469
0.0040307
0
0
0
0.00297542
0
0
0.00536852
0.00537294
0
0
0.00596556
0
0
0.0106887
0
0
0
0
0
0
0
0
0.00348413
0
0
0
0
0
0.00269147
0
0
0
0
0
0
0
0.00966207
0.00450063
0
0
0
0.00368503
0
0.00408105
0.00292446
0
0
0
0.00485521
0.00544023
0
0
0
0.00317311
0.00544932
0
0
0
0
0.0171561
0
0
0
0
0
0
0
0.00547219
0
0
0
0
0.0195676
0.0132219
0
0
0
0
0
0
0.00551854
0
0
0
0.00224697
0
0.0034857
0
0
0
0
0
0.00869351
0.00204786
0.00258725
0.00678118
0
0
0
0.00557048
0.00557524
0
0
0
0
0.00390713
0
0
0
0
0
0
0
0
0
0
0
0.00558479
0
0
0
0.0036974
0
0.00559437
0
0
0
0.0063802
0
0.00932701
0
0
0
0
0
0
0
0
0
0
0
0.0100109
0.00308036
0.00468774
0
0
0
0
0
0
0
0.00564773
0.00313546
0
0
0
0.0114163
0.0033115
0.00640945
0
0.00993013
0
0
0
0
0.00361142
0
0.0057323
0
0
0.00476625
0
0
0
0
0
0
0
0.00609776
0.0069586
0
0.0157913
0
0
0
0.0057935
0
0.0136204
0.00437351
0
0.0046012
0
0.027632
0
0
0.0058878
0
0
0
0
0
0
0
0
0
0
0
0
0
0
0.00926892
0
0.00590379
0
0
0
0
0
0.00590913
0
0.011829
0
0
0
0
0
0
0
0
0
0
0
0
0
0
0.00592522
0.0059306
0.00403427
0
0
0
0
0
0
0.0118828
0.0106332
0
0
0
0
0
0
0
0
0
0
0.0106526
0
0
0.00267578
0
0
0.00597952
0.005985
0.011981
0
0
0.00600151
0
0
0
0
0
0.0126184
0
0
0
0.00602368
0
0
0.00690756
0
0.00539537
0
0
0
0
0.00604602
0
0
0
0
0
0
0
0
0
0
0
0
0
0
0
0
0.0108107
0
0
0
0
0
0.00606287
0
0.0108409
0
0
0
0
0
0
0.0182394
0
0
0.00609684
0
0
0.00610254
0
0
0
0
0
0
0
0
0
0.0109119
0
0
0
0
0
0
0
0
0
0
0
0
0
0
0
0
0
0.0061197
0
0
0
0
0
0
0
0
0
0
0
0
0.00612544
0
0
0
0
0
0
0
0
0
0
0.00613119
0
0
0
0
0
0
0
0.0109632
0
0
0
0
0
0
0
0
0
0
0
0
0
0
0
0
0
0
0.00614851
0.00615431
0.00616011
0.00616593
0
0
0.00464141
0.0061776
0
0.00618345
0
0.00618931
0.00619518
0
0
0.0295901
0
0
0
0
0
0.0128308
0
0
0
0
0
0
0
0
0.00642803
0
0.0128687
0
0
0
0
0.0115171
0
0.00645982
0
0.0129324
0.00578714
0
0
0.0031209
0
0
0
0
0
0
0
0
0
0.0129839
0
0
0.0116204
0.00651785
0.0146114
0
0.00655722
0.00656381
0
0
0
0.0459929
0
0
0.0143711
0.00663719
0
0.00664394
0.00594047
0.013315
0
0
0
0.0133422
0
0.00668473
0
0
0.0140563
0
0
0
0
0
0
0
0
0
0
0
0
0
0
0
0
0
0
0
0
0
0
0
0
0
0
0
0
0
0
0
0
0
0
0.00671224
0
0
0.00671914
0
0
0
0.00672605
0
0
0
0
0
0.00673298
0.0120403
0
0
0
0
0.036721
0
0
0
0
0
0
0
0
0
0
0
0
0
0
0
0
0
0
0
0
0
0
0
0
0
0
0
0
0
0
0
0
0
0
0
0
0
0
0
0
0
0
0
0
0
0
0
0
0
0
0
0
0
0
0.0068103
0
0
0
0.0193638
0.0131364
0.0503413
0
0
0
0
0
0
0
0.0567973
0
0
0
0.0136871
0
0
0
0
0
0
0
0
0.0147707
0
0
0
0
0
0
0
0
0
0
0.0374433
0
0
0
0
0
0
0
0
0
0.0168024
0
0.0139494
0
0
0
0
0
0
0
0
0
0
0
0
0
0
0.0249725
0
0.0140388
0
0
0
0.0140688
0
0.0131415
0.008739
0
0
0
0
0
0
0
0
0.00938764
0
0.00561899
0
0
0
0
0
0
0
0
0
0
0.0127585
0
0
0
0.0389156
0
0.0454273
0.0440599
0
0
0
0.0100132
0
0
0
0.0272475
0
0.0495159
0.0268633
0.0269867
0
0
0
0.0238698
0
0
0
0
0.0152467
0
0
0
0
0.0221269
0
0
0.0127548
0.258618
0.0941685
0.0608491
0.0256117
0.0171168
0.0171613
0
0.017206
0.0102369
0
0
0
0.0308986
0
0.0799855
0
0
0
0
0
0
0.0184199
0.0227996
0.013448
0
0
0
0
0
0
0
0
0
0
0
0
0
0
0
0
0
0
0
0.0186285
0
0
0
0
0
0.0146912
0
0
0
0
0
0
0.00711583
0
0.00894296
0
0
0.00869201
0
0
0
0
0.0124997
0
0
0
0
0
0
0
0
0.00955283
0
0
0
0.019006
0
0
0.0190607
0
0
0.0191158
0
0
0
0
0
0
0
0
0
0
0
0
0
0
0
0
0
0
0
0
0.0191712
0
0.0124061
0
0.0272438
0
0.0173775
0
0
0
0
0
0
0
0
0
0
0
0.0195126
0.0174803
0
0
0
0
0
0
0.0729509
0.0290281
0
0.0151695
0.0202331
0
0
0.01686
0.0160097
0.0204207
0
0
0
0
0
0
0
0
0
0
0
0
0.0123892
0
0
0
0
0
0
0
0
0
0
0
0
0
0.0143876
0
0
0
0
0.0206122
0
0
0
0
0
0.0912651
0.0997577
0
0
0.0192541
0.066225
0.0133441
0.0221369
0
0
0
0
0
0
0.022211
0.0222856
0.0223606
0
0.0445234
0
0
0
0
0
0.0372634
0
0
0
0
0
0
0
0
0
0
0
0.0230676
0
0
0.016758
0
0.0192976
0
0
0.0233112
0
0
0
0
0.0241852
0
0
0
0
0.0152028
0.0447302
0
0
0
0.0150723
0.0462291
0
0.0671922
0.145482
0
0
0
0
0
0
0
0
0
0
0.0260785
0
0
0
0.0218537
0
0
0
0
0.0239794
0
0
0
0
0
0
0
0
0
0
0
0
0
0
0
0
0
0
0
0
0
0
0
0
0
0.0273611
0
0.0509023
0
0
0.0627215
0
0.0368983
0.0589792
0
0
0.0325957
0.0610613
0
0
0
0
0.0376632
0
0.0435676
0
0
0
0
0.221134
0
0
0
0
0
0
0.216716
0
0.256494
0
0
0.216952
0
0
0
0
0
0
0.10543
0
0
0.0496697
0.0490926
0
0.0570134
0
0.0796646
0
0
0
0
0
0
0
0.0375517
0.145681
0
0
0
0
0
0
0
0.0693622
0.0532866
0
0.0672865
0
0.0514046
0.276618
0.334847
0.07164
0.0595653
0
0
0
0
0.164541
0.300352
0.206366
0
0.569028
0.337792
0
0
0
0
0
0
0
0
0
0
