0
0
0.000369061
0.000956424
0.000123538
0.000224187
0
0
0
0
0
0
0
0
0
0
0
0
0
0
0
0
0
0
0
0.000188762
0
0
0
0
0
0
0
0.000566873
0.000439452
0.000208572
0
0.000625741
0
0.000439563
0.000324084
0.00086321
0
0
0
0
0.000125604
0
0
0.000125607
0.000125609
0
0.000125611
0.000125614
0
0
0
0
0
0
0
0
0
0
0
0
0
0.00111232
0
0
0
0
0.000112243
0
0
0.00153926
0.000125723
0.000341788
0
0
0
0
0
0.000313361
0
0
0
0
0
0
0
0
0
0
0
0
0
0
0
0
0
0
0
0
0
0
0
0
0.00022463
0.000125748
0.000472846
0
8.31896e-05
0
0
0
0
0
0.000395615
0
0
0
0
0
0
0
0
0
0
0
0
0
0
0
0
0
0
0.000125775
0
0.000405788
0
0.000395692
0
0
0
0
0
0
0
0.000216187
0
0
0
0
0
0
0
0
0
0.000189223
0
0
0
0
0
0
0
0.000209033
0
0
0
0
0
0
0
0
0.000108622
0
0
0
0.000197896
0
0
0.000298666
0
0
0
0
0
0
0
0
0
0
0
0
0.000224795
0
0
0
0
0
0
0
0
0
0
8.11985e-05
0
0
0
0
0
0
0
0
0
0
0
0
0
0.000206267
0
0
0.000171063
0.000135536
0.000264382
0.000248109
0
0
7.09328e-05
0
0
0.00082606
0
0
0
0
0
0
0
0
0
0
0
0
9.90266e-05
0
0
0
0
0
0
0
0
0
0
0.000125923
0
0
0
0
0
0
0
0
0
0.000189403
0
0
0
0
0.000125931
0.000224969
0
0
0
0
0
0
0
0
0
0
0
0
0
0.000209244
0
0.000642775
0.00081394
0
6.5994e-05
0
0.000189513
0
0
6.78481e-05
0.000374121
0
0
0
0
7.47838e-05
0
0
0
0
0.000379107
0
0.000169355
0
0
0
0
0
0
0
0
0
0
0
6.43287e-05
0.000260614
0
0
0
0
0
0
0
0
0.00119942
0
0
0
0
0
0
0
0
0
0
0
0.000396645
0
0
0
0
0
0
0
0
0
0
0
0.000793352
0
0
0
0
0
0
0
0
0
0
0
0.000598735
0
0
0
0
0
0.00036528
0
0
0
0
0
0
0.000133958
0
0
0
0
0
0
0.000710886
0
0
0
0
0
0
0.000450822
0
0
0.000225429
0.000147088
0
0.000389428
0.000565727
0.000198546
0
0
0
0
0
0
0
0
0
0
0
0
0
0
0
7.63531e-05
0.00011276
0
0.000651673
0.00022556
0
0.000112784
0
0
0.000171635
0
0
0
0
0
0
0
0
0
0
0
0
0
0
0
0
0
0
0.000126276
0
0.000397232
0.000126288
0.000222398
0.00133046
0
0
0
0
0
0
0
0
0
0
0
0
0
0
0
0
0
0
0
0
0
0
0
0
0
0.000483361
0
0
0
0
0.000225806
0
0
0.000238119
0
0
0.00029676
0
0
0
8.15796e-05
9.15317e-05
0.00173374
0
0
0
0
0
0
0
0
0.00160265
0.000150291
0
0
0
8.3769e-05
0
0.000126641
0
0
0
0.000210416
0
0.0003993
0.000113134
0
0.000140292
0
0
0
0.00220587
0
0
0.000275615
0
0.000572652
0.00035131
0
0
0
0
0
0
0
0
0
0
0
0
0.000117117
0.000419861
0
0
0
0
0
0
0
0
0
0
0
0.000299526
0
0
0.000226813
0
0.000720568
0
0
0
0.000235124
0
0.000199751
0
0
0.000619846
0
0
0
0.000226933
0
0
0
0
0
0
0
0.000183938
0
0.000316618
0.000721019
0
0
0
0
0
0
0
0
0
0
8.01273e-05
0
0
0
0
0
0
0
0
0
0
0
0.000227009
0.00012708
0
0
0.00100875
0.000623028
0.000896878
0.000272093
0
0
0.000911563
0
0
0
0
0
0
0
8.64753e-05
0
0
0
0.000352899
0
0
0
0
0
0
0
0.000127254
0.00110077
0
0
0
0
0
0
0
0
0.000749805
0
0.000227597
7.29847e-05
0
0
0
0
0
0
0
0
0
0
0
0.000135296
0
0
0
0
0
0
0
0
0
0.000368973
0
0.000143609
0.000190397
0
0
0
0
0
0
0.000725042
0
0
0
0
0
0
0
0.000127494
0.000227762
0.000227771
0.00022778
0
0
0
0.000553872
0.00418708
0.00245204
0
0
0.00178725
0
0
0.000480952
0
0.00040239
0
0.000228534
0
0.00122554
0.00022862
0.000402589
0.000947897
0.000402716
0
0.00121561
0
0.00121858
0
0
0
0
0
0
0
0
0.000556463
0
0
0
0
0
0.00106441
0.00131774
0
0
0.00248893
0
0
0
0
0.000403559
0
0
0
0
0.000229198
0
0
0
0
0
0
0
0
0
0
0
0
0
0
0
0.00534288
0
0
0
0
0
0
0
0
7.93481e-05
0.000229684
0
0
0
0.000772748
0
0
0
0
0
0
0
0
0
0
0
0
0
0
0
0
0
0
0.000128605
0
0
0.000229748
0
0.000229757
0
0.000407165
0
0
0
0.000612296
8.7442e-05
0
0
0
0.000560421
0
0
0
0
0
0.000683267
0
0
0
0
0
0.00130073
0.000631148
0.00138693
0.000230158
0
0
0
0
0
0
0
0
0
0
0
0.000285872
0
0
0
0
0
0
0
0
0
0
0
0
0
0
0
0.000128853
0
0
0.000550108
0.000373333
0
0
0
0
0
0
0
0
0
0
0
0
0
0
0
0
0
0
0
0
0
0
0
0
0
0
0
0
0
0
0
0
0
0
0
0
0.000230327
0
0
0
0
0
0
0
0.00147938
0.000511953
0.000388073
0.000526102
0
0
0
0
0
0
0
0
0
0
0
0
0
0
0
0.00034141
0
0
0
0.000186841
0.000321616
0
0
0
0
0
0
0
0
0
0
0
0
0
0
0
0
0
0
0
0
0.000405967
0.000115283
0.000479695
0.000258172
0
0
0
0.000194164
0.000203048
0.000129102
0
0
0
0
0
0
0
0
0
0
0
0
0
0
0.00020306
0
0
0
0
0
0
0
0
0
0
0
7.8089e-05
0
0
0
0
0
0
0
0
0
0
0
0.000598988
0.000310261
8.14443e-05
0
0
7.39896e-05
0
0.000275796
0
0
0
6.76633e-05
0
0
0
0
0
0
5.84235e-05
0
0
0.000230786
0.000230795
0
0
0.00023132
0
8.33757e-05
0
0
0
0.000131897
0.000129222
0
0
0
0
0.0003513
0
0
0
0
0
0
0
0
0
0
0
0
0
0
0
0
0.000101633
0
0
0
0
0.000145651
0
0
0
0
0
0
0
0
0
0
0
0
0
0.000203278
0
0
0
0
0
0
0
0
0
0.000175681
0
0
0
0
0
0.00370529
0
0
0
0
0
0
0
0
0
0
0
0
0
0
5.02578e-05
0
0
7.17929e-05
0
0.00192666
0.00017618
0
0
0.000469192
0
0
0
0
0
0
0
0
0
0
0
0
0.000721405
0
8.23154e-05
0
0
0
0
0.000129692
0.00145623
0
0
0
0
0.0008239
0.000408566
0
0
0.000232042
0
0
0.000232051
0
0
0
0.000323746
0
0
0
0
0
0
0
0
0
0
0
0
0
0
0
0
0
0
0
0
0
0
0
0
0
0
0
0.000454817
0
0
0
0
0
0
0
0
0
0
0
0
0
0
0
0
0
0
0
0
0
0
0
0
0
0
0
0
0
0
0
0
0
0
0
0
0
0
0.000356786
0
0.000195446
0
0
0
0
0
0
0.000232144
0.000129955
0
0
0
0
0
0
0
0
0
0
0
0
0
0
0
0
0
0
0
0
0
0.000129957
0
0
0
0
0
0
9.40844e-05
0.00021593
0
0.000182007
0
0.000564563
0
0
0.000163932
0
0
0
0
0.000622422
0
0.000768061
0.000232349
0.000157339
0
0.000232367
0.000419669
0.000376722
0
0.000232418
0.000157386
0.00154256
0
0.000574696
0.000172274
0
0
0
0
0
0
0
0
0
0.000108182
0
0
0
0
0
0
0
0
0
0
0
0
0
0
0
0
0
0
0
0
0
0
0
0
0.000276569
0.000391771
0
0
0
0
0
0
0
0.000260493
0
0
0
0
0
0
0
0
0
0
0
0
0
0
0
0
0
0
0
0
0.00088076
0
0.00011637
0
0
0
0
0.00123356
0
0
0
0.000590736
0
0
0
0
0
0
0
0
0
0
0.00136565
0.000294715
0
0
0
0
0
0
0
0
0
0
0
0
0
0.000823753
0
0
0
0
0
0
0
0.000466839
0
0
0
0
0
0
0
0
0
0
0
0
0
0
0
0
0
0
0
0.000243601
0
0
0
0
0
0
0
0
0
0
0
0
0
0
0
0
0
0
0
0.000392054
0
0
0
0
0.000325715
0
0
0
0
0
0.000355311
0
0
0.00127515
0
0
0
0
0
0.000116806
0.00974463
0.000857899
0
0.000920198
0
0
0
0.000469799
0
0
0
0
0
0
0
0
0
0.000296686
0.002002
0
0
0.000663852
0.000190573
0
0
0
0.000209656
0.000131117
0
0.000339759
0
0
0
0
0
0
0
0
0.000247995
0.000159263
0.000131665
0.000209724
0
0
0.000207105
0
0.000719457
0
0.000268538
0
0
0
0
0
0
0
0.000318663
0
0
0
0
0.00113187
0
0.000328392
0.000131775
0.000131778
0
0
0
0.0010948
0
0.000109506
0
0
0
0
0
0
0
0
0
0
0
0
0
0
0
0
0
0.00013182
0
0
0
0.000414673
0
0
0
0.00033642
0
0
0
0.000131847
0
0.00243421
0
0
0
0
0
0
0
0
0
0
0.00135685
0.000698568
0
0
0
0
0
0
0
0.00013203
0.000477924
0
0.0005862
0
0
0
0
0
0
0
0
0
0
0
0.000496629
0
0
0
0
0
0
0
0
0
0
0
0
0
0
0
0
0
0
0
0
0
0
0
0
0
0.000132089
0
0
0
0
0
0
0
0
0.000132091
0
0
0
0.00017955
0
0
8.32974e-05
0
0
7.69866e-05
0.000243763
0
0
0.000219508
0
0.000117239
0
0
0
0.000687725
0
0
0
0
0
0
0
0
0
0
0
0
0
0
0.00109794
0
0.00167901
0.000264495
0
0
0
0.000236259
0
0
0
0
0
0
0
0
0
0
0
0
0.00100201
0
0
0
0
0
0
0
0
0
0
0
0
0
0
0
0
0
0
0
0
0
0.000416152
0
0
0.00274504
0.000132442
0
0
0.0012467
9.59263e-05
0.000720442
0
0
0
0
0
0
0
0
0.000572083
0
0
0
0
0
0.000274086
0
0
0.000163629
0
0.00016719
0
0
0
0
0
0
0
0
0
0.00330909
0.00369112
0.000418052
0
0
0
0
0
0
0.00023743
0.000418103
0
0
0
0
0
0
0
0
0
0
0
0
0
9.99645e-05
0.000304583
0
0
0
0
0
0
0
0
0
0
0
0
0
0.000118742
0.000615566
0
0
0
0.00113703
0
0
0.000239376
0.000134003
0
0
0
0
0
0
0
0
0.000568152
0.000606545
0
0
0
0
0
0
0
0
0
0
0
0
0
0
0
0
0
0
0
0
0
0.000140444
0
0.000375518
6.00573e-05
0
0
0
0
0.000266997
0.000253692
0
0.000230481
5.20824e-05
0
0.000109132
0.000391631
0
0.000264435
0
0
0
0
0
0
0
0.000140543
0
0
0
0
0
0
0.00134238
0
0.000331675
0
0
0
8.29256e-05
0
0
0
0
0
0
7.13423e-05
0
0.000314934
0
0
0.000383814
0
0
0
0
0
0
0
0.000134408
0
0
0
0
0
0
0
0
0
0
0
0
0
0
0
0
0
0
0
0
0
0
0
0
0
0
0
0
0
0
0
0
0
0
0.000223321
0
0
0
0
0
0
0
0
0
0
0.000111665
0.000693004
0
0.000389324
0
0.000202232
0.000347044
0.000335134
0
0
0
0
0
0.00128724
0.000240373
0
0
0.000500797
0.00149383
0
0.00141835
0
0
0
0
0
0
0
0
0
0
0.00121507
0
0
0
0
8.5258e-05
0.000990819
0
0.00155833
0.000241437
0
0
0
0
0.000121498
0
0
0
0
0
0
0.000628043
0.000276586
0
0
0
0.00103835
0
0
0
0
0
0
0
0
0
0
0
9.83105e-05
0
0
0.00113505
0
0
0
6.41549e-05
0
0
0
0
0
0
0.000277758
0
0.000136239
0
0.000113182
0
0
0
0
0
0
0
0
0
0
0
0.0013067
0
0.000336488
0
0.00019059
0.000339752
0.00028913
0
0
0
0.00086954
0
0
0
0
0.000329981
0
0
0
0
0
0
0.000197609
0
0
0
0
0
0
0
0
0
0
0.000440336
0
0
0
0.000243846
0
0
0
0
0.00109571
0
0.000121992
0
0
0.00013658
0
0
0
0
0.000243994
0.000382558
0
0
0
0
0
0
0
0
0
0
0
0.000244025
0
0
0
0.000244035
0
0
0
0
0
0.000136612
0.000136615
0
0.000136617
0.00130875
0
0
0
0
0
0
0.00224359
0
0
0
0
0
0
0
0
0
0
0
0
0
0
0
0
0
0
0
0
0.000244339
0
0
0
0
0
0
0
0.000136782
0
0
0
0.000653622
0
0
0
0
0
0
0
0
0
0.00013681
0
0
0.000244406
0
0.000244416
0
0
0
0
0
0
0
0
0
0
0
0
0.00156731
0
0
0
0
0
0
0
0
0
0
0
0
0
0
0
0
0
0
0
0.00188971
0
0
0
0
0
0
0.000136966
0
0
0
0
0
0
0.000136969
0
0
0
0
0
0
0
0
0
0
0
0.00239265
0.00216103
0
5.81755e-05
0
0
0
0
0
0
0
0
0
0
0
5.49193e-05
0
0
0
0.000137163
0
0
0.000490072
0
0
0
8.14027e-05
0
0
0
0
0
0
0
0
0
0
0
0
0
0
0
0
0
0
0.00013718
0
0.0014703
0
0
0
0
0.000431726
0
0
0
0
0
0
0.000181585
0
0
0
0
0
0
0
0
0
0
0
0
0
0
0
0.000781777
0
0
0
0
0.00024528
0.00024529
0
0.000137314
0
0
0
0
0
0
0
0
0
0
0
0
0
0
0
0
0
0.000847465
0.00129514
0
0.000498604
0
0
0
0.000575787
0
0.000137436
0
0.000613809
0.000122775
0
0
0
0
0
0.000122777
0.000228386
0
0
0
0
0
0
0
0
0.000137465
0
0
0
0
0
0
0
0
0
0.000245576
0
0
0
0
0
0
0
7.62557e-05
0
0
0.000597159
0.000342666
0
0
0
0
0.000245638
0
0.00069756
0
0
0
0
0
0
0
0.000114275
0
0
0
0
0
0
0
0
0
0
0
0
0
0
0
0
0
0
0
0
0
0
0
0
0
0
0
0
0
0
0
0
0.000137561
0
0
0.00049146
0
0
0
0
0
0
0
0
0
0
0
0
0
0
0
0
0
0.000177553
0
0
0
0
0.000561062
0
0
0
0
0
0
0
0
0
0
0
0
8.49262e-05
0
0
0
0
0
0
0
0
0
0
0
0.00124846
5.3857e-05
0
0
0
0
0
0
0
0
0
0
0
0
0
0
0
0
0
0
0
0
0
0
0
0
0
0
0
0
0
0
0
0
0.00119082
0
0
0
0
0
0
0.000363544
0
0
0.0002499
0
0
0
0
0
0
0
0
0
0
0.00249027
0
0
0
0
0
0
0
0
0
0
0
0
0
0
0
0
0
0
0
0
0
0
0
0
0
0
0
0
0
0
0
0
0
0
0
0
0
0
0
0
0
0
0
0
0
0
0
0
0
0
0
0
0
0
0
0
0
0
0
0
0
0
0
0
0
0
0
0
0
0
0
0
0.000216867
0
0
0
0
0
0
0
0
0
0
0.000327298
0
0.000611937
0
0
0
0
0
0
0
0
0
0.000182468
0.000527516
0.000311232
0.00161121
0.00422211
0
0
0
0
0.000261577
0
0.000563895
0
0
0.000414908
0
0
0
0
0
0
0
0
0.000247083
0
0.000247093
0.000365994
0.000104034
0
0
0
0
0
0
0.000188037
0
0
0
0
0
0
0
0
0
0
0
0.000114928
0
0.000200313
0
0
0.000229871
0
0
0
0.00310308
0
0
0
0
0
0.000345064
0.000484767
0.00293181
0.00411227
0.000247938
0.00257833
0.000436927
0.000755255
0.00143435
0
0
0.000327892
0.000135271
0
0
0
0
0
0
0
0
0
0
0
0
0
0
0
0
0.000188931
0
0
0
0
0
0
0.000560545
0
0
0
0
0
0.000248358
0
0
0
0
0
0
0.00048675
0
0.000603976
0.000486865
0
0
0
0
0
0
0
0
0
0
0
0
0
0
0.000231078
0
0
0
0
0
0
0
0
0
0
0
0
0
0
0
0
0
0.000231087
0
0
0
0
0
0
0
0
0
0
0
0
0
0
0.000124237
0.00024848
0
0
0
0
0
0
0
0
0
0
0
0
0
0
0
0
0
0
0
0
0
0
0.000141985
0
0.000248502
0
0.00020142
0
0
0
0
0
0
0
0
0
0
0
0
0
0
0
0
0
0
0
0
0
0
0
0
0
0
0
0
0
0
0
0
0.00121614
0.000194888
0
0
0
0
0
0
0
0
0
0
0.000328342
0
0
0
0
0
0
0
0
0
0
0
0
0.00010076
0
0
0.000171797
0
0
0
0
0
0
0
0
0
0
0
0
0
0
0
0
0
0
0
0
0
0
0
0
0.000378389
0.00020937
0
0
0
0
0
0
0
0
0
0
0.000115645
0
0
0
0
0.000389272
0
0
0
0
0
0
0
0
0
0
0
0
0
0
0
0
0
0
0
0
0
0
0
0
0
0
0
0
0
0
0
0
0
0
0
0
0
0
0
0.000403178
0
0
0
0.000124371
0
0
0
0
0.000612074
0
0
0
0
0
0
0
0
0
0
0
0
0
0
0
0
0
0
0
0.0002488
0
0
0
0
5.62102e-05
0
0
0
0
0
0
0
0
0
0
0
0
0
0
0
0
0
0
0
0.000139282
0
0
0
0
0
0
0
0
0
0.000248822
0.000139291
0.000139294
0.000139297
0.0001393
0.000139303
0.000248859
0.00024887
0.000139318
0.000139321
0.000139324
0.000139327
0.000248902
0
0
0
0
0
0
0.000523931
0
0
0.000284482
0
0.000162436
0
0
0
0
0
0
0
0
0
0
0
0
0
0
0.000248971
0
0
0
0.000175833
0
0
0
0
0
0
0
0
0
0
0
0
0
0
0
0
0
0
0
0.00138091
0.000284291
0
0
0
0
0
0
0
0
0
0
0
0
0
0
0
0
0
0
0
0
0
0
0
0
0
0
0
0
0
0
0
0
0
0
0
0
0
0
0
0.00110148
0
0
0
0
0
0
8.28435e-05
0
0
0
0
0
0
0
0.000231957
0
0
0.000139615
0
0
0
0
0
0
0
0
0
0.000249416
0.000928932
0
0
0
0
0
0.000434201
0
0
0
0
0
0.000852296
0
0
0
0
0
0
0
0
0
0
0
0
0
0
0
0
0
0
0
0
0
0
0
0
0
0
0
0
0
0
0
0
0.000646941
0
0
0
0
0
0
0
0
0
0
0
0.000105088
0
0
0
0
0
0
0
0
0
0.00047486
0
0
0
0
0.000232202
0.00083205
0
0.000130297
0
0
0
0.000249733
0
0.00176183
0
0
0.000219989
0
0
0
0
9.25238e-05
0
0.000506318
0.00052602
0.00022005
0
0
0
0
0
0
0
0
0
0
0.000124971
0
0
0
0
0
0
0
0.000816798
0
0
0
0
0
0
0
0
0.000232537
0
0
0
0
0
0
0
0
0
0
0
0
0.000210517
0
0
0.000791008
0
0.00014291
0
0
0
0
0
0
0
0
0
0.00222886
0.000316219
0
0
0
0
0
0
0
0
0
0
0
0
0
0
0
0
0
0
0
0
0
0.000777162
0
0
0
0
0.00027145
0
0
0
0
0
0
0
0
0
0.000250526
0
0
0
0.000250536
0
0
0.000250547
0
0
0
0
0
0
0
0
0
0
0
0.000140257
0.000250564
0
0
0
0
0
0
0
0
0
0
0
0
0
0
0
0
0
0
0
0
0
0
0
0
0
0
0
0
0
0
0.000527429
0
0
0
0
0
0
0
0
0
7.90483e-05
0
0
0
0
0
0.000210999
0
0
0.000420174
0
0
0
0
0
0
0
0
0
0
0.000349703
0
0
0
0
0
0
0
0
0
0
0
0
0
0
0
0
0
0
0
0
0.000110356
0
0
0
0
0
0.000779455
0
0.000354018
0
0
0
0
0
0
0
0
0
0
0
0
0.000350654
0
0
0
0
0.000856609
0
0.000125428
0
0
0
0
0
0
0
0
0
0
0
0
0
0
0
0
0
0
0
0
0
0
0
0.00094298
0
0
0
0
0
0
0
0
0.000251542
0
0.000353131
0.000611774
0.000611854
0
0
0.000299144
0.000266539
0.000132719
0
0
0
0
0
0
0
0
0
0.00055264
8.2144e-05
0
0
0
0
0
0
0
0
0
0.000167288
0.000935248
0.000378926
0
0
0.000125959
0.000468611
0
0
0
0.000323159
0.000352886
0
0
0
0
0
0.00246504
0
0
0
0
0.000306799
0
0
0.000252369
0
0
0
0
0
0
0.000197525
0
0
0
0
0
0
0
0
0
0
0
0
0.000458297
0.000164721
0
0
0
0
0
0
0
0
0.001941
0
0.000307629
0
0.000319586
8.74283e-05
0.000353062
0
0
0
0
9.92007e-05
0.00122196
0.00164524
0
0.000335265
0
0
0
0
0
0
0
0
0
0
0
0
0
0
0
0.00134185
0.000252413
0.000676691
0
0
0
0
0
0
0
0
0
0
0
0
0
0
0
0
0
0
0
0
0
0
0.000142261
0
0
0
0
0.000193374
0
0
0
0
0
0
0
0.000335653
0
0
0
0
0
0
0
0.00014228
0
0
0
0
0
0
0
0
0
0
0
0
0
0
0
0
0
0
0
0
0
0
0
0
0
0
0
0
0
0
0
0
0
0.000179583
0.000447616
9.41344e-05
0
0
0
0
0.000257436
0
0
0
0
0
0.000447705
0
0
0
0
0
0
0
0
0
0
0
0.0016006
0
0
0
0
0.00055126
0.00118309
0.000448108
0
0.000142464
0.000254507
0
0
0
0
0.000236718
0
0
0
0
0
0
0
0
0
0
0
0
0
0
0
0
0
0.000902096
9.4277e-05
0
0
0.000142527
0
0
0.00180925
0
0
0
0.000224428
0
0
0
0
0
0
0
0
0
0
0.00109242
0
0
0
0
0
0
0
0
0
0
0
0
0
0
0
0.0001275
0
0.000199902
0
0
9.55934e-05
0
0
0
0
0
0
0
0
0
0
0
0.000582138
0
0
0
0
0
0
0
0
0
0
0.000435328
0
0
0
0
0
0
0
0
0
0
0
0
0
0
0
0
0
0.000142239
0
0
0
0
0
0
0
0
0.000255111
0.000255123
0
0
0
0.000255134
0
0
0
0.000180185
0.000131781
0
0
0
0
0.000474654
0
0
0
0
0
0
0
0
0
0
0
0
0
0
0
0
0
0
0
0.000517093
0
0.000537216
0
0.000645374
0
0.000278165
0
0
0
0
0
0
9.7132e-05
0
0.000255319
0
0
0
0
0
0
0
0
0
0.00208885
0
0.00192718
0
0.000322891
0
0
0
0.000189352
0
0
0
0
0.000414486
0
0.000255719
0.000207271
0.00225915
0.000100402
0
0
0
0.000100404
0
0
0
0
0
0
0
0
0
0
0
0
0
0
0
0
0
0
0
0
0
0
0
0.000739284
0
0.000200852
0
0
0
0
0
0
0
0.000340454
0
0
0
0
0
0.000282425
0
0
0
0.000452293
0.000512567
9.49189e-05
0
0
0.00567077
0
0
0
0
0
0
8.24012e-05
0.000201448
0.000594907
0
0
0
0.000113152
0.000287771
0
0
0
0
0
0
0
0
0
0
0
0
0
0
0
0
0
0
0
0
0
0
0
0
0
0
0
0
0
0
0
0
0
0
0.000358611
0
0
0
0
0
0
0
0
0
0
0
0.000338844
0
0
0
0
0
0
0
0
0
0
0
0
0
0
0.000854021
0
0
0
0
0
0
0
0
0
0.000671128
0
0
0
0
0
0
0
0.00242377
0
0
8.89423e-05
0
0
0
0
0
0
0
0
0
0
0
0
0
0
0
0
0
0
0
0
0
0
0
0
0
0
0
0
0
0
0
0
0
7.54858e-05
0
0
0
0
0
0
0
0
0
0
0
0
0
0
0
0
0.000257462
0
0
0.000848537
0
0
0
0
0
0
0
0
0
0
0
0
0
0
0
0
0
0
0
0
0
0
0
0.000257554
0
0
0
0
0
0
0
0
0
0
0
0
0
0
0
0
0
0
0
0
0
0
0
0
0.000119776
0
0
0
0
0
0
0
0
0
0
0
0
0
0
0
0
0
0
0
0
0
0
0
0
0
0.000216862
0
0
0
0
0
9.3038e-05
0
0
0
0
0.00127396
0
0
0.000588153
0.000144253
0.000257702
0
0.000286282
0
0
0
0
6.11934e-05
0
0
0
0
0
0
0.000220902
0
0
0.00100904
0
0.00422766
0.000404907
0.000120109
0.00128697
0.000258374
0
0.000144639
0.000108777
0
0
0.000240326
0
0
0
0
0
0
0
0
0
0
0
0
0
0
0
0.000378825
0
0.000287086
0
0.000892893
0.000240433
0.000129262
0
0
0.000144719
0
0
0.000144723
0.00012023
0.00090821
0
0.000321472
0
0.000365477
0.000144913
0
0
0
0.000149823
0.000356673
0
0
0
0
0
0
0
0.000419715
7.80509e-05
0
0
0
0
0
0
0.000492579
0
0
0
0
0
0
0
0
0
0
0
0
0.00101384
0
0
0.000350826
0.000129536
0
0.000987498
0.000129577
0.000241035
0
0
0
0
0.000184606
0
0
0
0
0.000163514
0
0
0
0.00105909
0.00010163
0.000750302
0
0
0
0.00018309
0
0
0
0.000596796
0
0
0
0
0
0
0
0
0
8.4638e-05
0
0
0
0
0
0
0
0
0
0
0
0
0
0
0
0
0
0
0
0.000259449
0
0
0
0
0
0
0
0
0
0
0
9.15839e-05
0
0
0
0
0
0
0
0
0
0
0
0
0.000161131
0
0
0
0
0
0
0
0
0
0
0
0
0
0
0
0
0
0.000702813
0
0
0
0
0
0
0
0
0
0
0
0
0
0
0.00171041
0.00025967
0.000145364
0
0
0
0
0
0
0
0
0
0
0
0
0
0
0.000709464
0
0
0
0.000384727
0
0
0
0
0
0
0
0
0
0
0
0.000105274
0.000336172
0.000259827
0
0.000538605
0
0
0
0
0
0
0
0
0
0
0
0
0
0
0
0
0
0
0
0
0
0
0
0
0
0
0
0
0
0
0
0
0
0
0
0
0
0.000114402
0
0
0
0
0
0
0
0.000517959
0
0
0
0
0.000210662
0
0
0
0
0
0
0
0.000250046
0
0
0
0
0
0
0
0.000241764
0
0
0
0
0
0
0
0
0
0
0
0
0
0
0
0
0
0
0
0
0
0
0.000547175
0.000866413
0.00123037
0
0.000494811
0.000145629
0.000509858
0.000145648
0.00139689
0
0
0
0
0
0
0
0
0
0
0
0.00139598
0
0
0.000432544
0
0.000612531
8.65302e-05
0
0
0
0
0
0
0
0
0
0
0
0
0
0
0
8.99953e-05
0
0
0
0
0
0
0
0
0
0
0
0
0
0.000407768
0.000114695
0
0
0
0
0
0
0
0.000159371
0
0.00302742
0
0
0
0
0
0
0
0
0
0
0.000579623
0
0
0
0
0
0
0.000204214
0
0
0
0
0
0
0.000393679
0
0
0
0
0
0
0
0
0
0
0
0.000549355
0.000423117
0
0
0
0
0
0
0
0
0
0
0.000695184
0
0.00022987
0
0
0
0
0
0
0
0.000535872
0
0
0
0
0
0
0
0
0
0
0
0
0
0.000130948
0
0
0
0
0
0
0
0
0
0
0
0
0
0
0
0
0.00026115
0
0.000261161
0
0.00359628
0
0.000160084
0.000720409
0
0
0
0
0
0
0
0
0
0
0
0
0
0
0
0
0
0
0
0
0
0
0
0
0
0
0.000230477
0
0.000186469
0.000597608
0
0.00030789
0
0
0
0
0
0
0
0
0
0.000121772
0
0
0
0
0
0
0
0
0
0
0
0
0
0
0
0
0
0
0
0
0
0
0
0
0.000872674
0
0
0
0.000251961
9.461e-05
0
0
0.000277377
0
0
0
0
9.46185e-05
0
0
0
0
0
0
0
0
0
0
0
0
0
0
0
0
0
0
0
0.000485005
0
9.96733e-05
0
0
0
0
0
0
0
0
0
0.000730431
0
0
0.000181985
0
0
0
0.000531035
0
0
0
0
0
0
0
0
0
0
0
0
0
0
0
0
0
0.000146721
0
0
0
0.000106221
0
0
0
0
0.000696717
0
0
0
0
0
0
0
0.000146765
0
0
0.000243852
7.58717e-05
0
0.000790339
0.000423885
0
0
0
0
0
0
0
0
0
0
0
0
0
0
0
0
0
0
0
0.000146831
0
0
0
0
0
0
0
0
0
0
0
0
0
0
0
0
0
0.0022094
0
0
0
0
0
0
0
0
0
0
0
0.000200079
0
0
0
0
0
0
0
0
0
0
0
0
0
0
0
0
0
0
0
0.000379933
0
0
0
0
0
0
0.00106524
0
0.000213233
0
0
0
0
0
0
0.000147277
0
0
0
0
0
0
0
0
0
0
0
0
0
0
0
0.000584542
0
0.00013157
0
0
0
0
0
0.000213282
0
0
0
0
0.000190105
0.000147317
0
0
0
0
0
0
0
0
0
0
0
0
0
0
0
0.000639918
0
0
0
0
0
0
0.000263213
0
0
0
0
0
0
0
0
0
0
0
0
0
0
0
0
0
0
0
0
0
0
0
0
0
0
0
0
0
0
0
0
0
0
0
0
0
0
0
0
0
0.0005395
0
0
0
0
0
0
0
0
0
0
0
0
0.000699644
0
0
0
0
0
0
0
0
0
0
0
0
0
0
0
0
0
0
0
0.00024491
0
0
0
0
0
0
0
0
0.000263338
0
0
0
0
0
0
0
0
0
0
0
0.000178325
0
0
0
0
0
0
0.000115359
0.000103232
0
0
0
0
0
0
0
0
0
0
0
0
0.000147435
0.000580579
0
0.000780363
0.000263482
0.000801952
0.000509456
0
0
0
0
0
0
0
0
0
0.00026359
0
0
0
0
0
0
0
0
0
0
0
0
0.000682232
0
0
0
0
0
0
0
0
0
0
0
0
0
0
0
0
0
0
0
0
0
0
0
0
0.00049051
0.00171155
0
0
0
0
0.000444314
0
0
0
0
0
0
0
0
0
0
0
0
0
0
0
0.000263883
0
0
0
0
0
0
0
0
0
0.00012272
0
0
0
0
0
0.000147727
0
0
0
0.000213898
0
0
0
0
0
0
0
0
0
0
0
0
0
0
0.000100406
0
0
0
0
0
0.00014774
0
0
0
0
0.000263931
0
0.000684138
0
0
0
0.000320942
0
0
0
0.000779309
0.000245635
0
0
0
0
0
8.77344e-05
0
0
0
0
0
0
0
0
0
0
0
0
0
0
0
0.000372919
0
0
0
0
0
0
0
0
0
0.0002224
0
0
0
0
0
0
0.000778436
0
0
0
0
0
0
0
0
0
0
0
0
0
0
0
0
0
0
0
0
0
0.000139299
0
0
0
0.000182558
0
0
0
0
0
0
0
0
0
0
0
0
0
0
0
0.000132113
0
0
0
0
0
0
0
0
0
0
0.000207136
0
0
0
0
0
0
0.000264244
0
0
0
0
0
0
0
0
0
0
0
0
0
0
0
0
0
0
0
0
0
0
0
0
0
0
0
0
0
0
0
0
0
0
0
0
0
0
0
0
0
0
0
0
0
0
0
0
0
0
0
0
0
0
0
0
0
0
0
0
0
0
0
0
0
0
0.000122887
0.000147928
0
0
0
0
0.000774831
0
0
0
0
0
0
0
0
0
0
0
0
0
0
0
0
0.000839718
0
0
0.000245893
0
0.00232041
0.000351771
0
0
0
0.00165745
0
0
0
0
0
0
0
0
0
0
0
0
0
0
0
0
0
0
0
0
0
0
0
0
0
0
0
0
0
0
0
0
0
0
0
0
0
0
0
0
0
0
0
0
0
0
0
0
0
0
0
0
0
0
0
0
0
0
0
0
0
0
0
0
0
0
0
0
0
0
0
0
0
0
0
0
0
0
0
0
0
0
0
0
0
0
0
0
0
0
0
0
0
0
0
0
0
0
0
0
0
0
0
0
0
0
0
0
0
0
0
0
0
0
0
0
0
0
0.00980776
0
0.000271941
0
0.000213189
0
0
0
0
0
0
0
0.000392935
0.000478947
0
0.000239266
0
0
0
0
0
0.000152281
0
0
0
0
0.00226964
0
0
0
0
0
0
0
0.000830312
0.000154953
0.000154956
0
0
0
0
0
0
0
0
0.00015496
0.000102506
0.00026522
0
0
0
0
0
0
0
0
0.00014754
0
0
0
0
0
0
0
0.00108524
0
0
0
0
0
0
0
0.000212636
0
0
0
0
0
0
0
0
0
0
0
0
0
0
0
0
0
0
0
0
0.000415423
0
0
0
0
0
0
0
0
0
0
0.000148898
0
0.000233454
0
0
0.000724153
0.00107588
0
0
0
0
0
0
0
0
0
0
0
0
0
0
0
0
0
0
0
0
0
0
0
0.000125427
0.00113566
0.00111962
0.000567273
0.00064996
0
0
0
0.000101002
0
0
0
0.00117145
0
0
0
0
0
0
0
0
0
9.26768e-05
0
0
0
0
0
0.00056777
0
0
0
0
0
0
0
0
0
0
0
0.000298517
0
0
0
0
0
0
0
0
0.000214504
0
0
0
0
0.00312491
0
0
0.000528006
0
0
0
0
0.000935481
0.00122232
0.001298
0.0010204
0.000156843
0
0.00172297
0
0
0
0
0
0
0
0
0
0
0
0
0
0
0
0
0
0
0
0
0
0
0
0
0
0
0
0
0
0
0
0.000310126
0
0
0
0
0
0
0
0
0
0
0
0
0.000218947
0
0
0.000574235
0
0
0
0.00155666
0.00120501
0
0
0
8.98309e-05
0
0
0
0
0.00271399
0
0
0.000857125
0
0
0.000477312
0.000667075
0
0
0
0
0
0.000699456
0
0
0
0
0
0.000225669
0.000100177
0
0.000275064
0
0
0
0
0
0
0
0
0.000103784
0.000357051
0.000174917
0
0
0.000145879
0
0.000460109
0
0
0
0
0
0
0
0
0
0
0
0
0
0
0
0
0
0
0
0
0
0
0
0
0
0
0
0
0
0
0
0
0
0
0
0
0
0
0
0
0
0
0
0
0
0
0
0
0
0
0
0
0
0
7.48629e-05
0
0.000203942
0
0
0
0
0
0.000803754
0
0.000490212
0
0
0.000348715
0
0
0
0
0
0
0
0.000188529
0
0
0
0
0
0.000237969
0
0.000436343
0
0
0
0
0
0
0
0
0
0
0
0
0
0
0
0
0
0
0
0
0
0
0.00103904
0.000918633
0.000648707
0.000119081
0.0005074
0
0
0
0
0
0
0
0.000711677
0.000181224
0
0
0
0.000553137
0
0
0.000375123
0.000156643
0.000156647
0
0
0.000197653
0
0.000275859
0.000272005
0
0
0.000578262
0
0
0.000137974
0
0
0
0
0
0
0
0
0
0
0.000313429
0.000214144
0
0
0
0
0
0
0
0
0.000291548
0
0.000265375
0
0
0
0
0
0
0
0
0
0
0
0
0
0
0
0
0
0
0
0.000470271
0
0
0
0
0
0
0
0
0.00089977
0
0
0
0
0
0
0
0
0
0
0
0
0.00125019
0
0
0.000307048
0
0
0
0
0
0
0
0
0
0
0
0
0
0
0
0
0
0.000614903
0.000381507
0.000552614
0.000552674
0
0
0
0
0
0
0
0
0.000175712
0
0
0
0
0.000175717
0
0
0
0
0
0
0
0
0
0
0.000175722
0
0.00112966
0
0.00030748
0.000226978
0
0
0
0
0
0
0
0
0
0
0
0
0
0
0
0
0
0
0
0
0
0
0.000512536
0.000597791
0.000369582
0.000292346
0
0
0
0
0
0.00138848
0.000176079
0
0.000718944
0.00131889
0
0.000472198
0
0
0
0
0
0
0
0
0
0
0
0
0
0
0
0
0
0
0
0.000213181
0
0
0
0
0
0
0
0
0
0
0.000972081
0.000642253
0
0.000638079
0
0.000213464
0
0
0
0
0
0
0
8.7892e-05
0
0
0
0
0
0
0
0
0
0
0
0
0.000119942
0
0
0.000213488
0.000277599
0
0
0
0
0.000180624
0
0
0
0
0
0
0.000783313
0
0
0.000588977
0
0
0
0
0
0
0.000131314
0
0
0
0
0
0
0
0.0025405
0
0
0
0
0
0
0
0
0
0
0
0
0
0.00031644
0
0
0
0
0
0
0
0
0
0
0
0
0
0
0
0
0
0
0
0.000786092
0
0.000278683
0
0
0
0.000240853
0
0
0
0
0
0
0
0
0
0.000177204
0.00120436
0
0
8.26104e-05
0
0
0
0
0
0
0.000109399
0
0
0
0
0
0
0
0
0
0
0
0
0
0
0
0
0
0
0
0
0
0
0
0
0
0.00142163
0.000294639
0
0
0
0
0
0
0
0
0.00013337
0
0
0
0
0
0
0
0.001338
7.66001e-05
0
0
0.00233604
0
0.00167654
0.00111806
0
0
0
0
0
0
0.000550758
0
0
0
0
0
0
0
0
0
0
0
0
0
0
0
0
0
0
0
0
0
0
0
0
0
0
0
0
0.000323034
0
0
0
0
0
0
0
0
0
0
0
0
0
0
0
0
0
0.00034209
0
0
0.000119631
0
0
0
0
7.47888e-05
0
0.000892971
0
0
0.000218831
0
0
0
0
0.000426821
0.000360437
0
0
0
0
0
0
0
0
0
0
0
0
0
0
0
0
0.000929567
0
0
0
0
0
0
0
0.000193811
0.000709717
0
0
0
0
0.000150439
0
0
0
0
0
0
0
0
0
0
0
0
0.00116852
0
0
0
0
0
0
0
0.00134155
0
0.00171225
0
0
0
0.000262677
0
0
0.000693882
0.000324172
0
0
0
0
0
0.000178652
0
0
0
0
0
0
0
0
0
0
0
0.000181485
0
0.00026278
0.0001815
0
0.000301568
0
0
0
0
0
0
0
0
0
0
7.7664e-05
0
0
0
0
0
0
0.000303885
0
0.000273059
0
0
0
0.000131438
0.00296522
0.000458017
0.000204831
0
0.000394754
0.00133215
0.000395263
0
0
0
0
0.00089863
0
0
0
0
0
0
0
0.000302473
0
0
0
0
0
0
0
0.00179776
0
0
0.000162691
0
0.000822712
0
0
0
0
0
0
0
0
0
0
0
0
0.000325455
0
0
0
0
0.000131899
0
0
0
0
0
0
0
0
0
0
0
0
0
0
0
0
0
0
0.000302719
0
0
0.000241055
0
0.000182218
0
0
0
0
0
0
0
0
0
0
0
0
0
0
0
0
0
0
0
0
0.000212393
0
0
0
0
0
0
0
0
0
0
0.000606502
0
0
0
0.000687325
0
0
0
0
0
0
0
0
0
0
0
8.08899e-05
0
0
0.000162851
0
0
0
0
0
0
0
0
0
0
0
0
0
0
0
0
0
0
0
0
0
0
0
0.000325711
0
0
0
0.000325729
0
0
0
0
0
0
0
0
0
0
0
0
0
0
0
0
0
0
0
0.000182346
0.000685679
0
0.000151508
0.000182382
0
0
0
0
0.000573732
0.00131143
0
0.000137325
0
0
0
0
0
0
0
0
0
0
0
0.000326215
0
0
0
0
0
0
0
0
0
0.000455126
0
0
0.000274696
0
0
0
0
0
0
0
0
0
0
0
0
0
0
0.00015173
0
0
0
0
0.000112724
0
0
0
0
0.000182654
0
0
0
0
0.000182659
8.79008e-05
0
0
0
0
0
0
0
0
0
0
0
0
0
0
0
0
0
0
0
0
0
0
0
0
0
0
0
0
0
0
0
0.000115185
0
0.000387959
0
0
0.000441998
0
0
0.00106426
0
0.000688987
0
0
0
0
0
0
0
0.00062128
0
0
0
0.00103772
0
0
0
0
0
0
0
0.000256136
0
0
0
0
0
0
0
0.00011063
0
0
0
0
0
0
0.000431548
0.00157603
0
0.000529975
0
0.000456165
0
0
0.000152068
0
0.000327015
0.000564906
0
0
0
0
0
0
0
0
0.00013255
0
0
0
0
0.000507813
0
0
0.000777823
0
0
0
0.000118187
0
0
0
0
0
0
0
0
0
0
0
0
0.000795635
0
0
0
0
0.00057629
0
0
0
0.000576355
0
0
0
0
0
0
0
0
0
0
0
0.000265316
0.000183252
0
0
0
0
0
0
0
0
0.00212466
0.000288422
0.000327606
0
0
0
0
0
0
0
0
0
0
0
0.000304712
0
0
0
0
0
0
0
0
0
0
0
0
0
0
0
0
0.000358789
0
0
0.000163845
0
0
0
0
0
0
0
0.00030478
0
0
0
0
0
0.000462366
0
0
0
0
0.000327763
0
0
0.000554949
0
0
0
0
0
0
0.000776973
0
0.000384562
0.000265797
0.000457533
0
0
0
0
0
0
0
0
0
0
0
0
0
0
0
0
0
0
0
0
0.00162946
0.000998689
0.000433453
0.000305281
0.000798157
0
0.000328311
0
0
0.000438113
0
0
0
0
0
0
0
0
0
0
0
0
0
0
0
0
0
0
0
0
0.00102971
0
0
0
0
0
0.000536835
0
0
0
0
0
0
0
0
0
0
0
0
0
0
0
0.000399395
0
0
0
0
0
0
0
0
0.000183912
0
0
0
0
0
0
0
0
0
0
0
0
0
0
0
0
0
0
0
0
0.000328553
0
0
0
0
0
0
0
0
0
0
0
0
0
0
0
0
0.000133154
0
0.000144648
0
0
0
0
0
0
0
0
0
0
7.03757e-05
0
0.000428794
0.000164318
0
0
0
0
0
0
0
0
0
0.00207422
0.000328823
0.000458765
0
0.00032887
0.000328888
0
9.06258e-05
0.000328916
0
0
0
0
0.00030593
0
0
0
0
0
0
0
0
0
0.000579249
0
0
0
0
0
0
0
0
0
0
0
0
0.00106948
0.000184209
0.000184214
0
0
0
0
0
0
0
0
0
0
0
0
0
0
0
0
0
0
0
0
0
0
0
0
0
0
0
0.00177242
0
0.0002486
0
0
0
0
0
0
0
0
0
0
0
0
0
0
0
0.000306548
0
0
0.000306565
0
0
0
0
0
0
0
0
0
0
0
0
0
0
0
0
0
0.000329636
0
0
0
0.000494482
0.00018455
0
0
0
0
0
0
0
0
0
0
0.000459952
0
0
0
0
0
0
0
0
0
0
0
0
0
0
0
0
0
0.0010902
0
0
0.00018614
0
0.000329852
0
0
0
0
0
0
0
0
0.000329871
0.000517211
0
0
0
0
0
0
0.000329927
0
0
0
0
0.000444393
0
0
0
0.000845985
0
0
0
0
0
0.000272407
0
0
0.00018815
0
0
0
0
0
0
0
0.000312617
0
0
0
0
0
0
0
0
0
0.00114329
0
0
0
0
0
0
0.000530618
0
0
0
0
0
0
0
0
0.000188357
0
0
0
0
0
0.000566626
0
0
0
0
0.000336534
0
0
0.000697622
0
0
0
0
0
0
0
0
0
0.00146106
0
0.00212802
0.00190361
0
0
0
0
0
0
0
0
0
0
0
0
0
0
0
0
0
0
0
0
0.000112017
0
0.000141965
0
0
0
0
0
0
0
0
0
0
0
0
0
0
0.000337239
0
0
0
0
0
0
0
0
0
0
0
0
0.000124881
0
0.000141982
0
0
0
0
0
0
0.000337278
0
0.00225625
0.0012993
0.000132395
0.000168894
0.000532767
0
0
0
0
0
0
0
0
0
0
0
0
0
0
0
0
0
0
0.00047133
0
0
0
0
0
0
0
0.000645166
0
0
0
0.000166327
0
0
0
0
0.000273947
0
0
0
0
0.000305652
0
0
0
0
0
0
0
0.00112082
0
0
0.000128648
0
0
0.000338163
0
0
0
0
0
0
0
0
0.00029775
0
0
0
0
0.00100185
0.000314623
0.000250535
0
0
0.00015733
0
0.000297881
0
0.000189402
0
0
0.0001085
0
0
0.000125293
0
0
0
0
0.000801959
0.000795948
0.00382838
0
0
0.000413245
0
0
0
0
0
0.000143106
0
0
0
0
0.000145617
0
0
0
0.000158096
0
0.000275554
0.000598696
0
0
9.71468e-05
0
0
0
0
0
0.00128077
0
0.000827218
0.000904236
0
0.000474816
0.000716453
0
0
0
0
0
0
0
0.00100844
0.000422916
0
0
0.000405491
0
0
0
0
0
0
0
0
0.00206975
0
0
0
0
0
0
0
0
0
0
0
0.000259322
0
0
0
0
0
0
0
0.000340837
0
0
0
0
0.000170428
0
0
0
0
0
0
0
0
0
0
0
0.00334268
0
0
0
0
0
0
0
0
0
0
0
0
0.000417448
0
0
0
0
0
0
0
0
0
0
0
0
0
0
0
0
0
0
0
0
0
0
0
0
0
0
0
0.000341268
0.00366746
0
0
0
0
0
0
0
0
0
0
0.000191266
0
0
0.000191271
0
0
0
0
0
0
0
0
0
0
0.000424399
0
7.48454e-05
0
0
0.000115707
0
0
0
0
0
0.000891599
0
0.000107835
0
0
0
0.000104559
0
0
0
0
0
0
0
0.000260132
0
0
0
0
0
0
0
0
0
0
0
0
0
0
0
0.000138557
0
0
0.000106165
0
0
0.0004725
0
0
0
0
0
0
0
0.00145693
0
0
0
0
0
0
0
0
0.000386506
0
0
0
0
0.000699218
0
0
7.80162e-05
0
0
9.86628e-05
0
0
0
0.000596554
0.000959622
0
0
0
0
0
0
0
0.00034557
0
0.00169946
0
0
0
0
0
0.0025375
0
0
0
0
0.000504088
0.000135804
0.001319
0
0
0
0
0.000700071
0.00149513
0
0
0
0
0
0
0
0
0
0
0
0
0
0
0.0014299
0
0
0
0.000883662
0
0
0
0
0
0
0
0
0
0
0
0
0
0
0
0
0
0
0
0
0.00031233
0
0
0
0
0
0
0
0.00013411
0
0.000174475
0.000362584
0
0
0.00117853
0
0
0
0
0
0
0
0
0
0
0
0
0
0
0
0
0
0
0
0
0
0.000200451
0
0
0
0
0
0
0
0
0
0
0
0
0
0
0
0
0
0
0
0
0
0
0
0
0
0
0.0003581
0
0
0
0
0
0
0
0
0
0
0
0
0
0.000200469
0
0
0.000157658
0
0
0
0
0
0
0
0
0
0
0
0
0
0
0
0.000499645
0
0
0
0
0
0
0.000210034
0
0
0
0
0
0
0
0
0
0
0
0.000126436
0
0
0.000499737
0
0
0
0
0
0
0
0.000435537
0.000301652
0.00203436
0.00020068
0
0
0
0
0
0
0
0
0
0.000686932
0
0
0
0
0
0
0
0
0
0
0
0
0
0.000166759
0
0
0
0.000421679
0
0
0
0
0.000145341
0.000200767
0
0.000315783
0
0
0
0
0
0
0
0
0
0.000136459
0
0
0
0
0
0
0
0
0
0
0
0
0
0
0
0
0
0
0
0.000386495
0
0.000604088
0
0
0
0
0
0.000251243
0
0.00027302
0
0.000495882
0.000940064
0
0
0
0
0
0
0
0.000145507
0
0.000844429
0
0
0
0
0
0.000359131
0.000179577
0.00344579
0.00334797
0.000633762
0
0.00357658
0.000360314
0
0.00108101
0
0
0.000292109
0
0
0
0.000360426
0
0
0
0
0.000201771
0
0
0
0
0
0
0
0
0
0
0
0
0.000781182
0.000607093
0
0
0.000122079
0.00122083
0.000201909
0
0
0
0
0
0
0
0
0
0
0
0
0
0
0.000292354
0
0
0
0
0
0
0
0
0.000260588
0
0
0.00013358
0
0
0
0
0.000360762
0.000274515
0
0.000217508
0
0
0.00023972
0
0
0.00041185
0
0
0
0
0.000180443
0
0
0
0
0
0
0
0
0
0
0.000877526
0
0
0
0
0
0
0
0
0.000565932
0
0.00106941
0.000283072
0.000509871
0
0.000283124
0
0.000361189
0
0
0.00033595
0
0.00136535
0
0
0
0
0
0
0
0
0
0
0
0
0.000275089
0
0
0
0
0
0
0
0
0
0
0
0
0
0
0
0
0
0
0
0.000825317
0
0
0
0
0
0
0.00161798
0
0.000383562
0
0
0.00027563
0
0
0
0.00158028
0
0.00231475
0
0
0
0.000701089
0
0
0
0
0
0.000459043
0
0
0
0
0
0
0
0
0.000320361
0.000276876
0
0
0
0
0.000361527
0.00193952
0
0
0
0
0
0
0
0
0
0.000160321
0
0
0
0
0.00199313
0
0
0
0
0
0
0
0
0
0.000641568
0
0
0
0
0
0
0
0
0
0
0
0
0
0
0
0
0
0
0
0
0
0
0.00036439
0
0
0
0.000512996
0
0
0
0
0
0
0
0
0
0
0
9.71191e-05
0
0
0
0
0.000147716
0
0
0
0
0
0
0
0
0
0
0
0.000987314
0
0.000516737
0
0
0
0
0
0
0
0
0
0
0
0
0
0
0
0
0
0
0
0
0
0
0
0
0.000923227
0.00104688
0
0
0
0
0
0
0
0.000364929
0.000169714
8.89864e-05
0
0
0
0
0
0
0
0.000446499
0.00185378
0
0
0.00100198
0
0
0.000128933
0
0
0.000461329
0.00075725
0
0
0
0
0
0
0
0
0
0
0
0
0
0
0
0
0
0
0
0
0
0.00251744
0.000592822
0
0
0
0
0
0
0
0
0
0
0
0
0
0
0
0
0
0
0
0
0
0
0
0
0
0
0
0
0
0
0.00129104
0.00173423
0
0
0
0
0
0
0
0
0.000148336
0
0
0
0
0
0
0
0
0.000627464
0
0
0
0
0
0.000302635
0
0
0
0
0
0
0.000322374
0
0
0
0
0.00105809
0
0
0
0
0
0
0
0
0
0
0
0
0
0
0
0
0
0.00172295
0
0
0.000124219
0
0.000511447
0
0
0
0
0
0
0
0
0
0
0
0.000104839
0
0
0
0
0
0
0.000718303
0
0
0
0
0
0.000253607
0
0
0
0
0
0
0
0
0
0
0
0
0
0
0.000410952
0
0
0
0
0
0
0
0
0
0
0
0
0
0
0
0
0
0.000121939
0
0
0
0
0
0
0
0
0
0
0
0
0
0
0
0
0
0
0
0
0.000323211
0
0
0.00132604
0
0
0
0
0
0
0
0
0
0
0
0
0
0
0
0
0
0
0
0
0
0
0
0
0
0
0
0
0
0
0
0
0
0
0
0
0
0
0
0
0
0.00132646
0.000205639
0
0
0.000279525
0.000205658
0
0
0
0
0
0
0
0
0.000309336
0
0
0
0
0
0
0
0
0
0
0
0
0
0
0
0
0
0
0
0
0
0
0.000559138
0
0
0
0.000542439
0.000148967
0
0
0.000485477
0
0
0
0
0
0
0
0
0.000115965
0
0
0
0
0
0
0
0
0
0
0
0
0
0
0.000531922
0
0
0
0
0
0
0
0
0
0
0
0
0
0
0
0
0.00078722
0.00020588
0
0.000873271
0
0
0
0
0
0
0
0
0
0
0
0
0
0
0
0
0
0
0
0
0
0
0
0
0
0
0
0
0
0
0
0
0
0
0
0
0
0
0
0
0
0
0
0
0
0.000179413
0
0
0
0
0
0.00226553
0
0.00614319
0
0
0
0
0
0
0
0
0
0
0
0
0
0
0.000184808
0
0
9.84874e-05
0.000748988
0.00165968
0
0
0
0
0
0
0
0
0
0
0
0
0
0
0
0
0
0.00020623
0.000248717
0.00075147
0.0001306
0
0
0
0
0
0
0
0
0
0
0
0
0
0
0
0
0.000370006
0.000778868
0
0
0.000370088
0
0
0.000817222
0
0
0
0
0
0
0
0.000311686
0
0
0.000370218
0.000111598
0
0
0
0
0.000300092
0
0
0.000133743
0
0
0
0
0
0
0
0
0.00137906
0
0
0
0
0
0
0
0
0
0
0
0
0
0
0
0
0
0
0
0
0
0
0
0
0
0
0
0
0
0
0
0
0
0
0
0.000370419
0
0
0
0
0
0
0
0
0
0
0
0
0
0.000241698
0
0
0
0
0.000236411
0
0
0
0
0
0
0
0
0
0
0
0
0
0
0
0
0
0
0
0
0
0
0
0
0
0
0
0
0
0
0
0
0
0
0
0
0
0
0
0
0
0
0
0
0
0
0
0.000448544
0.000319867
0.000120926
0
0
0
0.000549045
0.000326414
0
0.00170092
0
0
0
0
0
0
0
0
0
0.000344998
0
0
0
0
0
0
0
0
0
0
0
0
0
0
0
0
0.000370964
0
0
0
0
0
0
0
0
0
0
0
0
0
0
0
0
0
0
0.00208047
0.00279318
0.00148114
0
0
0.0067278
0.00171022
0
0
0
0
0
0
0
0
0.000221701
0
0
0
0
0
0.000372993
0
0.000157031
0
0
0
0
0
0
0
0
0
0
0
0
0
0.000993411
0
0
0
0
0
0
0.000347018
0
0
0
0.000438762
0
0
0
0
0
0
0.000373173
0.000173548
0
0
0
0.000302488
0
0
0
0
0
0
0
0
0
0
0
0
0
0
0
0
0
0
0
0
0
0
0
0
0
0
0
0.000269622
0.000731505
0
0
0
0
0
0
0
0
0
0
0
0
0
0
0.000347208
0.000208168
0
0
0
0
0
0
0
0
0
0
0
0
0
0
0
0.000157178
0
0
0
0
0
0.000208189
0
0
0
0
0
0
0.000605287
0
0
0
0
0
0.000347331
0
0
0
0
0
0
0
0
0
0
0
0
0
0
0.000493232
0
0
0
0
0
0
0
0
0.000373509
0
0
0
0
0
0.000328875
0.00062044
0
0
0
0.000209143
0
0
0
0.00303455
0
0
0
0
0.000111197
0.00184051
0
0
0
0
0
0
0
0
0
0
0
0
0
0
0
0.000374353
0
0
0.000348195
0
0
0
0
0
0.000255789
0
0
0
0
0
0.000374438
0
0
0
0
0.00022574
0.0013107
0
0
0
0
0
0
0
0
0
0
0
0
0
0
0
0
0
0
0
0
0
0
0
0
0
0
0
0
0
0
0
0
0
0.000209677
0
0
0
0
0
0
0
0
0
0
0
0
0
0
0
0
0.000373286
0.000602051
0
0
0
0
0
0
0
0
0.000164953
0
0
0
0.000698108
0
0
0
0
0
0
0
0
0
0
0
0
0
0
0
0
0
0
0
0
0
0
0
0.000348577
0
0
0
0
0
0
0
0
0.000374813
0.000374837
0
0
0
0
0
0
0
0
0
0
0.0017433
0
0
0
0
0
0
0
0
0
0
0
0
0
0
0
0
0
0
0
0
0
0
0
0
0
0
0
0
0
0
0
0
0
0
0
0
0.000187516
0
0
0
0
0
0
0.000375044
0
0
0
0
0
0
0
0
0
0
0
0
0
0.000315789
0.00031581
0
0
0
0
0
0
0
0
0
0
0
0
0
0.00065724
0
0
0
0
0
0
0
0
0
0
0
0
0.000165177
0
0
0
0
0
0
0
0
0
0.000660729
0
0
0
0
0
0.000315963
0
0
0
0
0
0
0
0
0
0
0
0
0
0.00265188
0
0.000245414
0.00360983
0
0.000525447
0.000614413
0
0.000944578
0.000139545
0
0.000175257
0
0
0
0
0
0
0
0
0
0
0
0
0
0
0
0
0
0
0
0
0
0
0.000376884
0
0
0.00021931
0
0
0
0
0
0.000753915
0.00200965
0.000626861
0
0.00016289
0
0
0
0
0
0
0
0
0.000444333
0
0.000377571
0
0.000332451
0
0
0
0
0
0
0
0
0
0
0
0
0
0
0
0
0
0
0.00313046
0
0
0.000511971
0
0
0
0
0
0
0
0
0
0
0
0
0
0
0
0.000175823
0
0.000527486
0
0
0
0
0
0
0
0
0
0
0
0
0
0
0.000332928
0
0
0
0
0
0
0.000351715
0.000378187
0.00140856
0
0
0
0
0
0.00031644
0
0
0
0
0
0
0.000333146
0
0
0
0.00230957
0
0
0
0.00141579
0
0
0
0
0
0.000117771
0.00014867
0
0
0
0
0
0
0
0
0
0
0
0.000352785
0
0
0.00496702
0
0
0
0
0
0.000160069
0
0.000924573
0
0
0
0
0
0
0
0
0
0
0
0
0
0
0
0
0
0
0
0
0
0
0
0
0.00104349
0
0
0
0
0.0018814
0.00038057
0
0
0
0
0
0
0
0
0
0
0
0
0
0
0
0
0
0
0
0.000160222
0.000167551
0
0.00200295
0.000278741
0
0.000448135
0
0
0
0.000129045
0
0
0
0
0
0
0
0
0
0
0
0.000213364
0
0
0
0
0
0
0
0
0
0.000134545
0
0
0
0
0
0
0
0
0
0.000240477
0
0
0
0
0
0
0
0
0
0.000213392
0
0
0
0
0
0
0
0
0.000354559
0
0
0.000335665
0
0
0.000463533
0.00329318
0
0
0
0
0
0
0
0
0
0
0
0
0
0.000381773
0
0
0
0
0
0
0
0
0
0.000706868
0
0
0
0
0
0
0
0
0
0
0
0.000427515
0
0
0
0
0
0.000381886
0
0
0.00195944
0
0
0.000191056
0
0
0
0
0
0
0
0.000154857
0
0
0
0
0
0
0
0
0
0
0
0
0
0
0
0
0
0
0
0.000643484
0
0
0
0
0
0
0.000382188
0.00104868
0
0
0.00407242
0.000805443
0
0
0
0
0
0
0
0
0.000382718
0
0
0
0
0
0
0
0
0
0
0
0
0
0
0
0
0
0
0
0
0
0
0.00158673
0
0
0
0
0
0
8.7197e-05
0
0.000291348
0
0
0.00127614
0.000322507
0
0
0
0
0
0
0
0
0
0
0
0
0
0
0
0.000245674
0
0
0
0.000483825
0
0.000857884
0
0
0
0
0
0
0
0
0
0.000806561
0
0
0
0
0
0
0
0
0.000958123
0
0
0
0
0
0
0
0
0
0
0
0
0
0
0
0
0
0
0
0
0
0
0
0
0
0
0
0
0
0
0
0
0
0
0
0
0
0.000847945
0.00227196
0.000311119
0
0
0
0.000383883
0
0
0
0
0.00177778
0
0
0
0
0
0
0
0
0
0
0
0
0.00102276
0
0
0
0
0
0
0
0
0
0
0
0
0
0
0
0
0
0
0
0
0
0.000105844
0
0
0
0
0.000301142
0
0
0
0
0
0
0
0
0
0
0
0
0
0
0
0
0
0
0
0
0
0
0
0
0
0
0
0
0
0.000146157
0.00316464
0
0.00152181
0
0
0.00119574
0
0
0
0
0
0
0
0
0.00206571
0
0
0
0
0
0
0
0
0
0
0
0.000130499
0
0
0
0
0
0
0
0
0
0
0
0
0.000215768
0.000324544
0
0
0
0
0
0
0
0
0
0
0.000235799
0
0
0
0
0
0
0
0
0
0
0.000678851
0
0
0
0
0.00062501
0.000649347
0
0
0
0
0
0
0
0
0
0
0
0
0
0
0
0
0
0
0
0
0
0
0
0
0
0
0.000385671
0
0
0.000432159
0
0
0.00118882
0
0.00111502
0
0
0.000302416
0
0
0
0
0.000179516
0
0.000812575
0
0
0.000734457
0
0
0
0.000302726
0.000756866
0
0.0004696
0
0
0
0
0
0
0
0
0
0
0
0
0
0
0
0
0
0.000538925
0
0
0
0
0
0
0
0
0
0
0.00031313
0
0
0
0
0
0
0
0
0
0
0.000266957
0.000340194
0
0
0
0
0
0
0
0
0
0
0
0
0
0
0
0
0
0
0
0
0
0
0
0.000193208
0
0
0
0
0
0
0
0
0
0
0
0
0
0
0.000558309
0
0
0.00209582
0
0.000193376
0
0
0.000170262
0
0
0.00053959
0
0
0
0
0
0
0
0
0
0
0.000909693
0
0
0
0
0
0.000340637
0.00117532
0
0
0
0
0
0
0
0
0
0
0
0
0
0.00163981
0
0
0.000286817
0
0
0.00249835
0
0
0
0
0
0.000673866
0
0
0
0
0
0
0
0.000387695
0.00106379
0
0
0
0
0.000180345
0
0
0
0
0
0
0
0
0
0
0
0.000387825
0.00186636
0
0
0
0
0
0
0
0
0
0
0
0
0.000687143
0
0.000328596
0
0
0
0
0
0
0.000413307
0
0.0023657
0
0
0.000210744
0
0.00174501
0
0
0
0
0
0
0
0
0
0
0
0
0
0
0
0
0
0
0
0
0
0.000306834
0.00172862
0
0
0
0
0
0.000689603
0
0
0
0
0
0
0
0
0
0
0
0.000879172
0.000780824
0.00119844
0
0
0.000229856
0
0
0
0
0
0
0
0
0
0
0
0
0
0
0
0
0
0.000953171
0
0
0
0
0
0.000165059
0
0
0.000182339
0
0.00036469
0.000521042
0.00155084
0.00126857
0.00024015
0.00029077
0
0
0
0
0
0
0
0.000365196
0
0
0
0
0.000128105
0
0
0
0
0
0
0
0
0
0
0
0
0
0
0
0
0
0
0.000219824
0
0
0
0
0
0
0
0
0
0
0
0
0
0
0
0.000392711
0.00107756
0.000182679
0
0
0.000392844
0
0
0
0
0
0
0.000548091
0
0.000197026
0
0
0
0
0
0
0.000219958
0
0
0.00039295
0
0
0
0
0
0
0
0
0
0
0
0
0
0
0
0
0
0
0
0
0
0
0
0
0
0
0
0.00021998
0
0
0
0
0
0
0
0
0
0.000130543
0
0.00715374
0.000638708
0
0
0
0
0
0
0
0
0
0
0
0
0
0
0
0
0
0
0
0
0
0
0
0
0
0
0
0
0
0
0
0
0
0.000772298
0
0
0
0
0
0
0
0
0
0
0
0
0.000549861
0
0
0
0
0
0
0
0
0
0
0
0
0
0
0
0
0
0
0
0
0
0
0
0
0
0
0.000291916
0
0
0
0
0
0.000197103
0
0
0
0.00019711
0.00123618
0
0
0.000228216
0
0
0
0
0
0.000394367
0.00302175
0
0
0
0
0
0.000160183
0
0
0
0
0
0
0
0
0
0.000332808
0
0
0
0.000221285
0.000221293
0
0
0
0
0
0
0
0
0
0
0
0
0
0
0
0.000832133
0
0.000677785
0
0
0
0
0
0
0.000221383
0
0
0
0
0
0
0.000395497
0
0.000367862
0
0
0
0
0
0
0
0
0
0
0
0
0
0
0
0
0
0
0
0
0
0
0.000320596
0
0
0
0
0
0
0
0
0
0
0
0
0.00116906
0
0
0
0
0
0
0.000395767
0.000221557
0
0
0
0
0
0
0
0
0
0
0
0
0
0
0
0
0
0
0
0
0
0
0
0
0
0.000221564
0
0.00195602
0
0
0
0
0
0.00143038
0
0
0
0
0
0
0
0
0
0
0
0
0
0
0
0
0
0
0
0
0
0.000697565
0
0
0
0
0
0
0
0
0
0
0
0
0
0
0
0
0
0
0
0
0
0.00123189
0
0.00016061
0
0
0
0
0
0
0
0
0.000310693
0.00106023
0
0
0
0
0
0
0
0
0
0
0
0
0
0.000221943
0
0
0
0
0
0
0.000198249
0
0.000587286
0
0.000396565
0
0.000627302
0
0
0
0
0
0
0
0
0
0
0
0
0
0
0
0
0
0
0
0.000131767
0
0
0.000754582
0
0.000440736
0
0
0.000598007
0
0
0
0
0
0
0
0
0
0
0
0
0.000123228
0
0
0
0
0
0
0
0
0
0
0
0
0
0
0
0
0
0
0
0
0
0
0
0
0
0
0
0
0
0
0
0.00134371
0.00105728
0
0
0
0
0
0
0
0
0
0
0
0
0
0
0
0
0.000397108
0.000222308
0
0.000668761
0
0.00157841
0
0.00023958
0
0.000222483
0
0
0
0
0
0
0
0.000222491
0
0
0
0
0
0
0
0
0
0
0
0
0
0
0
0
0.000334656
0
0
0
0.000184851
0
0.00270004
0
0.00187363
0.00141182
0
0.00113861
0
0
0
0.000885745
0
0
0
0.000370872
0
0
0
0
0
0
0
0
0
0.000223233
0
0
0
0
0
0
0
0
0
0
0
0
0.000329653
0
0
0.000140783
0
0
0
0.000556442
0
0
0
0
0
0
0.00182185
0
0.000503547
0.00164968
0
0
0.000161838
0.000371434
0.00037146
0
0
0
0.000351666
0.000270482
0
0
0
0
0
0
0
0.000185768
0
0
0
0
0
0
0
0
0
0
0
0
0
0
0
0
0
0
0
0
0
0
0
0
0
0
0
0
0
0
0.00219925
0
0
0
0
0
0
0
0.00018589
0
0
0
0
0
0
0.000637249
0
0
0
0
0
0.000206505
0.00035654
0
0
0
0
0
0
0
0
0
0
0.000371947
0
0
0
0
0
0
0
0
0
0
0
0
0
0
0
0
0
0
0
0.00022388
0
0
0
0.000176069
0
0
0
0.000152166
0
0
0
0
0
0
0.000176082
0
0
0
0
0
0
0
0
0
0.000186012
0
0
0
0
0
0
0
0
0
0
0
0
0
0
0
0
0.00254649
0
0
0
0.00122433
0
0.000497372
0.000138365
0
0
0
0.000224205
0
0.000186262
0
0.000186269
0
0
0
0
0
0
0
0
0
0
0
0
0
0
0
0.000674513
0
0
0
0
0
0
0
0
0
0
0
0
0
0
0
0
0
0
0
0
0
0
0
0.000593373
0.000200338
0.000762195
0
0
0.00190168
0.00124263
0.000943462
0
0
0
0.000802516
0
0
0
0.000629192
0
0
0
0
0
0.000168967
0
0.000373311
0.000305427
0
0
0
0
0.00135432
0.000186798
0.000290188
0.000488407
0
0
0
0
0
0
0
0
0.00013107
0
0
0
0
0
0
0
0
0
0
0
0
0
0
0
0
0
0
0
0
0
0
0
0.00117865
0
0
0
0
0
0
0.00110311
0
0
0
0
0
0
0
0
0
0
0
0
0
0
0
0
0
0
0
0
0
0
0
0.000225114
0
0
0
0
0.0010046
0
0
0.00149844
0.000531563
0
0
0
0.000402539
0
0
0.000225349
0
0
0.000561639
0
0
0.000402623
0
0
0
0
0
0.000402651
0
0
0
0
0.000225411
0
0
0
0
0
0
0
0
0
0
0
0
0
0
0
0.00187273
0.00158686
0
0
0
0
0
0
0
0
0
0
0
0
0
0
0
0
0
0
0
0
0
0
0
0
0
0
0
0
0
0
0
0
0
0
0
0
0
0
0
0
0
0
0
0
0
0
0
0
0
0
0
0
0
0.00341481
0
0
0
0.000675134
0.000328748
0
0
0
0.000158993
0.00135186
0.000357265
0
0.000154386
0
0
0
0
0
0.00056616
0
0
0
0
0
0
0
0
0
0
0
0
0
0
0
0
0
0
0.000146597
0
0
0.000109333
0
0
0
0
0
0
0
0.000300591
0
0
0
0
0
0
0
0
0
0.000954624
0
0
0
0
0
0
0
0.00130191
0
0
0
0.000406149
0
0
0
0
0
0
0
0
0
0
0
0
0
0.000100879
0
0
0
0
0
0.000746349
0
0
0.000308607
0
0
0.000116104
0.00308843
0
0.000406918
0
0
0
0.000195416
0
0.000824834
0
0
0
0
0
0
0.000227936
0.000227944
0
0
0
0
0
0.000227952
0
0.00162329
0.000228056
0
0
0
0
0.00014381
0
0
0
0.000487921
0
0
0
0.000257082
0.000275957
0
0
0
0.000580608
0
0
0
0
0
0.000407648
0.00125338
0.00241685
0
0
0
0
0
0
0
0
0
0
0
0.000228594
0
0
0
0
0
0
0
0
0
0
0
0
0
0
0
0
0
0
0
0
0
0.00114881
0
0
0
0.00124526
0
0.00242049
0
0
0
0.000771843
0
0
0
0
0
0
0
0
0
0
0
0
0
0
0
0
0
0
0
0
0
0
0
0
0
0
0
0
0
0
0
0
0.000409302
0
0.000409331
0.000229151
0
0
0
0
0
0
0.000458319
0.000720912
0.000687624
0
0.000571298
0
0
0
0.000229256
0
0
0
0
0
0
0
0
0
0
0
0
0
0
0
0
0
0
0
0
0
0
0
0
0
0
0
0
0
0
0
0
0.000458529
0
0
0
0
0.000229281
0
0
0.000409606
0.000409635
0
0
0
0
0
0
0
0
0.000762026
0
0
0
0
0
0
0
0
0
0
0
0
0
0
0
0
0.000204861
0.000409736
0
0.000614648
0
0
0
0.00243599
0
0
0
0
0
0.000410098
0
0.000434297
0
0
0
0
0
0
0
0.000410171
0
0
0
0
0
0
0
0.00108347
0.00190796
0
0
0
0
0.00137851
0
0
0
0
0
0
0
0
0.000351849
0
0
0
0
0
0
0
0
0
0
0
0
0
0
0
0
0
0
0
0
0
0
0
0
0
0
0
0
0
0.000229825
0.000572795
0
0.000410621
0
0
0
0
0
0
0
0
0
0
0
0
0
0
0
0
0
0
0
0
0
0
0
0
0
0
0.000572896
0.000689694
0.0015297
0.000999104
0.000666211
0
0
0
0
0
0
0
0
0.00095574
0.00095591
0.0009207
0.000616871
0
0
0.00171262
0
0
0
0
0
0
0
0
0
0
0
0
0
0
0
0
0
0
0
0
0
0
0
0
0
0
0
0
0
0
0
0
0
0
0
0
0
0
0
0
0
0
0
0
0
0
0
0
0
0
0
0
0
0
0
0
0
0
0
0
0
0
0
0
0
0
0
0
0
0
0
0
0
0
0
0
0
0
0
0
0
0
0
0
0
0
0
0
0
0
0
0
0
0
0
0
0
0
0
0
0
0
0
0
0
0
0
0
0
0
0
0
0
0
0
0
0
0
0
0
0
0
0
0.00140317
0
0
0
0
0
0
0
0
0
0
0
0
0
0
0
0
0
0
0
0
0
0
0.0010322
0
0
0
0
0
0
0
0
0
0
0
0
0
0
0
0
0
0
0.000486121
0.000521096
0
0.000543025
0.000868739
0.000469324
0
0
0
0
0.00019759
0
0
0
0
0
0.00240821
0
0
0
0
0
0
0
0
0
0
0
0
0
0.000347834
0.000469723
0.000306499
0.000740954
0
0.00118884
0.000159176
0.000762135
0.000218675
0
0
0
0
0
0
0
0
0
0.000256196
0
0
0
0
0
0
0
0
0
0
0.000437403
0
0
0
0
0
0.000470332
0.000671172
0
0
0
0
0
0.00188049
0.000501768
0
0
0
0
0.000263582
0.000263592
0
0
0
0
0
0
0
0
0
0
0
0
0
0.000166219
0
0
0
0.00152675
0
0
0
0
0
0
0
0
0
0
0.000507583
0
0
0.00188462
0
0
0
0
0
0
0.000471307
0
0.000471346
0
0.00133721
0
0
0
0
0
0
0
0
0
0
0
0
0
0.00172435
0
0
0.000178613
0
0
0
0
0
0
0
0
0
0
0
0
0
0
0
0
0
0
0
0
0
0
0
0
0
0
0
0
0
0
0
0.0029673
0
0
0
0
0
0
0
0
0
0
0
0
0
0.00144083
0
0
0
0
0
0
0.000160514
0
0
0
0
0.000209503
0
0
0
0
0.00136384
0
0.00289428
0
0.000913948
0
0
0
0
0
0
0
0
0
0
0
0
0
0
0
0
0.000519121
0
0
0
0
0
0
0
0.00274882
0.000874817
0.000724905
0
0
0
0
0
0.000139988
0
0
0
0.00442642
0
0
0
0
0.000204049
0
0
0
0
0
0
0
0
0
0
0.000179858
0
0
0
0
0
0
0
0
0
0
0
0
0
0
0
0
0
0.000610599
0.00141043
0
0.00195682
0
0
0
0
0
0
0
0
0
0
0
0
0
0
0
0
0.000416661
0
0.00132109
0
0
0
0
0
0
0
0
0
0
0
0
0.000409053
0
0
0
0
0.00169643
0
0
0
0
0
0
0
0
0
0
0
0
0
0
0
0
0
0
0
0
0
0
0
0
0
0
0
0.000176756
0
0
0
0
0.000934324
0
0
0
0
0
0
0
0.000459814
0
0.000921802
0
0
0
0
0
0
0
0
0
0
0.000409532
0
0
0.000502606
0.000847036
0.000819397
0.000522725
0.00341086
0
0
0
0
0
0.00136558
0.000177219
0
0
0
0.000410346
0
0
0
0
0
0
0
0
0
0
0.00186709
0.00102219
0.000467173
0
0
0
0
0.00804944
0.00204046
0
0
0.000560378
0
0
0
0
0
0
0
0
0
0
0
0
0
0
0
0
0
0
0
0
0
0.00031516
0.000982133
0
0.000489343
0
0
0
0.000524365
0
0
0
0
0
0
0
0
0
0
0
0.000294589
0.000261418
0
0
0.00165158
0
0
0
0.00095248
0.000824616
0.000443669
0.000427136
0
0
0
0
0
0
0
0
0
0
0
0
0.00237388
0
0
0.00126694
0
0
0
0
0.000445004
0
0.000528586
0
0
0
0
0
0
0
0
0
0
0
0
0
0.000264317
0
0
0
0
0
0
0
0
0
0
0
0
0
0
0
0
0
0
0
0
0
0
0
0
0
0
0
0
0
0
0
0
0
0
0
0
0
0
0
0
0
0
0
0
0
0
0.00174354
0
0.000172731
0
0
0
0
0
0
0
0
0
0
0
0
0
0
0
0
0
0
0
0
0
0
0.000713171
0.000191299
0
0.0002015
0
0
0
0
0
0
0
0
0.000492629
0
0
0
0
0
0
0
0.000114291
0
0
0.000415276
0
0
0
0
0
0
0
0
0
0
0
0
0
0
0
0
0
0
0
0
0
0
0
0.000151359
0
0
0
0
0
0.000296581
0
0
0.000151373
0
0
0
0
0
0
0
0
0
0
0
0
0.00231862
0.000371944
0
0
0
0
0
0.00025673
0
0
0
0
0.000531274
0
0
0
0
0
0
0.000297423
0
0
0
0
0
0.000297437
0
0
0
0
0
0
0
0
0
0
0
0.000562686
0
0
0
0
0
0
0
0
0
0
0
0
0
0
0
0
0.000375176
0
0.000774301
0
0.00129275
0
0
0
0
0
0
0
0
0
0
0
0
0
0.000838756
0
0.000757784
0
0
0
0
0
0
0.000468014
0
0.000404906
0.0010288
0
0.000375848
0.00274622
0.00473832
0.00180546
0.000300563
0
0
0
0
0.00157654
0
0
0
0.000397819
0.00053537
0
0.00607962
0
0
0
0
0
0
0
0
0
0
0
0
0
0
0
0.000194614
0
0
0
0
0
0
0
0
0
0
0
0
0
0
0
0
0
0.000225871
0
0
0
0
0
0
0.000205012
0
0
0
0
0
0
0
0
0
0
0
0
0
0
0
0
0
0
0
0
0
0
0.000538903
0
0
0
0
0
0
0
0
0
0
0
0
0
0
0
0
0.000243516
0
0
0
0
0
0
0
0
0.000539003
0
0
0.000301751
0
0.000301765
0
0
0.000974974
0.00156041
0.000325233
0
0
0.000372804
0
0
0
0
0
0
0.00163875
0.000604541
0
0
0
0
0
0
0
0
0
0
0
0
0
0
0
0
0
0
0
0
0.00102725
0
0
0
0.000681538
0
0
0
0
0
0
0
0
0
0
0
0
0
0
0
0
0
0
0
0
0
0
0.000475667
0
0
0.000251261
0
0.000365882
0
0
0.000302496
0
0
0
0
0.00054041
0
0
0
0
0.000289717
0
0.000124099
0
0
0
0
0
0
0
0.00366246
0.000303231
0.000303245
0
0
0.00120828
0
0
0
0
0.000303373
0.000200685
0
0
0
0
0
0
0
0
0
0
0
0
0
0
0
0
0
0
0
0
0
0
0
0
0
0
0
0
0.000367011
0
0
0
0
0
0
0.000542052
0.000303458
0
0
0
0
0
0
0
0
0
0
0
0
0
0.000878794
0.000158981
0
0
0
0
0
0
0.000187335
0
0
0
0
0.00270863
0
0
0.000306378
0
0
0
0
0
0
0
0.000252484
0
0
0
0.00141705
0
0
0
0
0
0
0
0
0
0
0.000914645
0
0
0
0
0
0
0
0
0
0
0.000239159
0
0
0
0
0
0
0
0
0
0
0.000166163
0.00205659
0.000505608
0
0
0
0
0
0
0
0
0
0
0
0
0
0
0
0
0
0
0
0
0
0
0
0
0
0
0
0
0
0
0
0
0
0.00332291
0.000544572
0.00208854
0
0.000384887
0
0
0
0
0
0
0
0
0
0
0
0
0
0
0
0
0
0
0
0
0
0
0
0
0
0
0
0
0
0.000545084
0
0.000305155
0
0
0
0
0
0.00145825
0.000480185
0
0
0
0
0
0
0
0
0.000253648
0
0.000221052
0
0
0
0
0
0
0
0.000738752
0
0
0
0
0
0
0
0
0
0
0
0
0
0.000104838
0
0
0
0
0
0
0
0
0
0
0
0
0
0
0
0
0
0
0
0
0
0.000415155
0
0
0
0
0
0
0
0
0
0
0
0.000479972
0
0
0
0
0.00201421
0.00826349
0.00188111
0.00150631
0
0
0.000557816
0.000379514
0.00069375
0
0.000307541
0.000510997
0.000462631
0
0.000549526
0.00113919
0
0.00320087
0
0
0
0
0
0
0
0
0
0
0
0
0
0
0
0
0
0
0
0
0
0
0
0.00298437
0.00117938
0
0
0.000353413
0
0
0
0
0
0
0.00134005
0
0
0.00572031
0
0
0
0
0
0.000489275
0
0
0
0
0
0
0
0.00105974
0
0.00157048
0
0
0
0
0
0
0
0.0011991
0
0
0.000839598
0
0.00117185
0.000681248
0
0
0
0
0
0
0
0
0.00024519
0
0
0
0
0.0028532
0
0
0
0.0005578
0.000312275
0
0.000245591
0
0
0
0.00212016
0.0027732
0.0010948
0.00131408
0
0
0
0.000558929
0
0
0
0
0
0
0
0
0
0
0
0
0
0
0
0
0
0
0.00273535
0
0
0
0.00182488
0
0
0
0
0
0
0
0
0
0
0
0
0
0
0
0
0
0
0
0
0
0
0
0
0
0.000559657
0.000606499
0
0
0
0
0
0
0
0
0
0
0
0
0
0
0
0
0
0
0
0.00031336
0.000942683
0.000313436
0
0
0
0.00769835
0.0009462
0.00836496
0.000221091
0.00163
0
0.00348364
0
0
0
0
0
0
0
0
0
0
0.000159436
0
0
0.000371486
0.00105292
0.000389377
0.000745279
0
0.00122806
0
0
0
0
0
0
0.00351948
0.000209753
0
0
0
0
0.000195708
0
0
0
0
0
0
0
0
0
0
0
0
0
0
0
0.00026345
0
0.00575963
0
0.00184138
0
0
0
0
0
0
0
0
0
0
0
0
0
0.00170815
0
0.0025462
0.000136534
0.000285042
0
0
0
0
0
0
0
0
0
0
0
0
0
0
0.00136659
0
0
0
0.000705455
0
0
0.0014794
0.000895161
0.00121729
0
0
0
0
0
0
0
0
0
0.000130101
0
0
0
0
0
0
0.00108677
0
0
0
0
0.00118933
0
0.000797635
0
0
0
0
0
0
0.000571828
0
0
0.000797832
0
0
0
0.000379992
0
0
0
0
0
0
0.000635435
0
0
0
0.00112121
0
0
0
0
0
0
0
0
0
0
0
0
0
0.000286125
0.000503858
0
0
0
0.000320381
0.000320397
0
0
0.000572392
0.000950777
0
0.000146386
0
0
0
0
0.00844698
0.00369229
0
0
0
0
0
0
0
0
0
0
0
0
0
0.000577926
0
0
0.000806342
0
0.00105334
0
0
0.00095298
0
0
0
0
0
0
0
0
0
0
0.000766711
0
0
0
0
0
0
0
0
0
0
0.00025355
0
0
0
0
0
0
0
0
0
0
0
0
0
0
0
0
0
0
0
0
0
0
0
0
0
0
0
0
0
0.00101939
0
0
0
0
0
0.000243755
0
0
0
0
0
0
0.000254911
0.000324157
0
0
0
0
0
0
0
0
0
0.000254936
0
0
0.00035425
0
0.000400194
0.000860802
0
0
0.000763711
0
0
0
0
0
0
0.00069874
0
0
0
0
0
0
0
0
0
0.000169955
0
0
0
0
0
0
0
0.000539147
0
0
0
0
0.000539201
0
0.000324562
0
0
0
0
0
0
0.00122048
0
0
0
0
0
0
0
0
0
0
0.00388773
0
0
0
0
0
0
0.000325213
0
0.012436
0
0.00313389
0
0
0
0
0.000375126
0
0
0
0
0
0
0
0
0.00244807
0
0
0.00114708
0.000515458
0
0
0
0
0
0
0
0
0
0
0.000305502
0
0
0
0
0
0
0
0.00103112
0
0
0
0
0
0
0
0
0
0
0
0.00058569
0
0.000585749
0
0
0.000585809
0
0.00121056
0.00022974
0
0
0.000176681
0
0.000223013
0
0
0.000142935
0
0
0.000454164
0
0
0
0
0
0
0
0
0
0
0
0.00117268
0
0
0
0
0.00977206
0
0
0
0
0.000329037
0
0
0
0
0
0
0
0
0
0
0
0
0
0
0
0
0
0
0
0
0
0.000494923
0
0.00199041
0
0
0
0
0
0
0
0
0
0
0
0.000476727
0
0
0
0
0
0
0
0
0
0
0
0
0
0.000547105
0
0
0.000517968
0
0
0
0.000247688
0
0
0
0
0
0
0
0
0
0
0
0
0
0
0.00134366
0
0.00123894
0.00153328
0
0
0
0
0
0
0
0
0
0
0
0
0
0
0
0
0
0
0
0
0
0
0
0
0
0.00328428
0.00103825
0
0.000822744
0.00256547
0
0.0026902
0
0
0
0
0
0
0
0
0
0.000196289
0
0
0
0
0
0
0
0
0.000853788
0
0
0.000457891
0.00279705
0
0
0
0
0
0.000927539
0.00183983
0
0
0
0
0
0
0
0.000479818
0
0
0
0
0
0
0.000498486
0
0
0
0
0
0
0
0
0
0
0
0
0
0
0
0
0
0
0
0
0
0.00029606
0
0
0
0
0
0
0
0
0
0
0
0
0
0.000928391
0
0
0
0
0.00146341
0
0
0
0
0
0
0.00274655
0
0
0
0.000594152
0
0
0
0.00235032
0
0
0
0
0
0
0
0
0
0
0
0
0
0
0
0
0
0.00189781
0
0
0
0
0
0
0
0
0
0
0
0
0
0
0
0
0
0
0
0
0
0
0
0
0
0
0
0
0
0
0
0.000234263
0
0
0
0
0
0
0
0.000484443
0
0
0
0
0
0
0
0.0032703
0
0.00176461
0.00234796
0.000836138
0.000423174
0
0.000423218
0
0.000534585
0
0
0
0
0
0
0
0
0
0
0
0
0
0
0
0
0
0
0
0
0.000278857
0.000278871
0
0
0
0
0.000299857
0
0
0
0
0
0
0
0
0
0.00013338
0.00264231
0
0
0
0
0
0
0
0
0
0
0
0
0.0020658
0
0
0
0
0
0
0
0
0
0.000603616
0.00106301
0
0.00209149
0
0
0.000280978
0
0
0
0.000561986
0
0
0
0
0
0
0
0
0
0.0011579
0.00026614
0
0
0
0
0
0
0
0
0
0
0
0
0
0
0
0
0
0
0.0010593
0
0
0
0
0
0
0
0.000798795
0
0
0
0
0
0
0
0
0
0
0
0
0
0
0
0
0
0
0
0.00619236
0
0
0
0.000736573
0.00184423
0
0
0.00067868
0
0
0
0
0
0
0
0
0
0
0
0
0
0
0
0
0.00011799
0
0
0
0.00142586
0
0
0
0
0
0
0
0
0
0
0
0
0
0
0
0
0
0
0.00131822
0
0
0.00158616
0
0.00151
0
0.000784462
0.0027677
0
0
0
0
0
0.000644353
0.000304295
0
0.0014152
0.00109489
0.000341015
0.000609229
0
0
0
0
0
0
0
0
0
0
0
0
0
0
0
0
0
0
0
0
0
0.00753892
0
0
0
0.00310619
0
0.00540232
0
0
0
0
0
0
0
0
0.00028541
0
0.000248734
0
0
0
0
0.00160193
0
0.000540651
0.000614133
0.000571243
0
0.00225689
0
0
0
0.00185769
0
0
0
0
0
0
0
0
0
0
0
0
0
0.00216498
0
0
0
0.000616614
0
0
0.00030834
0
0
0.00405586
0
0
0.00126226
0
0
0.000147147
0.00103673
0.000757849
0
0
0.000127295
0
0
0
0.000225595
0
0
0
0
0
0
0
0
0
0
0
0
0
0
0.000620309
0
0
0
0.000865482
0
0
0
0
0.000187022
0
0
0
0
0
0.00202774
0
0
0
0
0.00104282
0
0
0
0
0
0
0
0
0
0
0
0
0
0
0
0
0
0.000359433
0.000347701
0
0
0.00057773
0
0.000347757
0
0
0
0
0
0.000420689
0.000619187
0
0.000899113
0
0.00119892
0
0.000547493
0
0
0
0
0
0
0
0.00034813
0
0
0
0
0
0
0
0
0
0
0
0.00200587
0
0
0
0
0
0
0
0
0
0
0
0
0
0
0.000278964
0
0
0
0
0
0
0
0.000622373
0.000692136
0
0
0.000311303
0.000820708
0
0
0
0
0.000798844
0
0
0
0.000504897
0
0.000348747
0
0
0
0
0
0
0
0
0
0
0
0
0
0
0.00538091
0
0
0.000525616
0
0
0
0
0
0
0
0
0
0
0
0
0
0
0.00234811
0
0.00075337
0.00101311
0
0
0.00922918
0
0
0
0
0
0.000397165
0
0
0.00116131
0
0.000477396
0.00130069
0.00140895
0
0
0.000627933
0
0
0
0
0
0
0.000314
0
0.000509025
0
0
0
0.000351599
0.000509108
0
0.00134741
0
0
0
0.000492967
0
0
0
0
0
0
0
0
0
0
0
0
0.000943381
0
0
0
0
0
0
0.000629023
0.000173337
0
0
0
0
0
0
0
0.00218456
0
0
0
0
0
0
0
0
0.000684208
0.00354173
0.00162107
0
0
0.000315384
0.00899909
0
0
0.000446484
0
0
0
0
0
0
0
0
0
0.000354073
0
0
0
0
0
0
0
0
0
0
0
0
0
0
0
0
0
0
0
0
0
0.00189767
0
0.000632764
0.000882861
0.000468732
0.000633005
0
0
0
0
0
0
0
0
0
0
0
0
0
0
0
0.0002944
0
0
0
0
0
0.00228677
0
0.00106552
0
0
0
0
0
0.00582229
0
0
0
0
0.0120746
0
0.011858
0.000656367
0.000656441
0
0
0
0
0
0
0.00066683
0
0
0
0
0
0
0
0
0
0
0.00140577
0
0
0
0
0.000266205
0.00312264
0
0.0018382
0.00213939
0
0.000731445
0
0
0
0
0
0
0
0
0
0
0
0
0
0
0.000277241
0
0
0
0
0
0
0
0
0.00359963
0
0
0
0
0.00487802
0
0.000267767
0
0.000895682
0
0
0
0
0
0
0
0
0
0
0
0
0
0
0
0
0
0.000922166
0.00190797
0
0.00230239
0.000993207
0
0
0
0
0
0
0
0
0
0
0.00156021
0
0.00129322
0
0
0.000936002
0
0
0
0
0
0.000212627
0
0
0
0
0
0
0
0
0
0
0
0
0
0
0
0
0
0
0
0
0
0
0.00434448
0
0
0
0
0
0
0
0
0
0
0.000371819
0
0
0
0
0
0
0
0
0
0.0219023
0
0
0
0
0
0.00186775
0.000669632
0
0
0
0
0
0
0
0
0
0
0.00029482
0
0.00701252
0
0
0
0
0.00269466
0
0
0
0
0
0
0
0
0
0
0
0
0.00628299
0
0
0
0
0.000513904
0
0
0
0
0
0.000594723
0
0
0
0
0
0
0.00174285
0
0
0
0
0
0
0
0
0
0.000705506
0
0.000250397
0
0
0.00268639
0
0
0
0.00257267
0
0.000274524
0
0
0
0
0
0
0
0.000758451
0
0
0
0
0
0
0
0
0.00541243
0
0
0
0
0
0
0
0.000552178
0
0.000381409
0
0
0
0
0
0
0
0
0
0
0
0
0
0
0
0
0
0
0
0
0
0
0
0
0
0
0
0
0
0.00574869
0
0
0
0.000276674
0
0
0
0
0
0
0
0
0
0.00063501
0.00034142
0.000952684
0
0
0
0
0
0
0
0
0
0
0
0
0
0
0
0
0
0
0
0
0
0
0
0
0
0
0
0
0
0
0
0
0
0
0
0
0
0
0
0
0
0
0
0
0.000287528
0
0
0
0.000535448
0
0
0
0
0
0
0
0
0
0
0
0
0.00381045
0.00123141
0
0
0
0
0
0
0
0
0
0
0.000391556
0
0
0
0.00145
0
0
0
0
0
0.00104967
0
0
0
0
0
0
0
0
0
0
0.0011572
0
0
0
0
0
0
0
0
0
0
0
0
0
0
0
0
0
0
0.000391981
0
0
0.00130465
0.000702573
0.000616933
0
0
0
0
0
0
0.000710138
0
0
0
0
0
0
0
0
0
0
0
0
0
0
0
0
0
0
0
0
0
0
0
0
0
0.000494937
0
0.00481993
0.000496077
0
0.000654658
0
0
0.00186795
0
0.00180245
0
0
0
0
0
0
0
0
0
0
0
0
0
0
0.00246175
0
0
0
0
0
0
0
0
0
0
0
0.000655505
0.000296739
0.000487065
0
0
0
0.00031036
0.00488938
0
0
0
0
0
0
0
0
0
0
0
0
0
0
0.00194891
0
0
0.000202019
0
0.00187513
0
0
0
0
0
0.00410532
0
0.00118035
0.000936719
0.000561048
0
0
0.00197813
0
0
0
0
0
0
0
0
0
0
0
0
0
0
0
0
0
0
0
0
0
0
0.00328534
0
0.000716644
0
0
0
0
0
0
0
0.000280929
0
0
0
0
0
0.00109949
0
0.000946971
0
0.000167403
0
0
0
0
0
0.000401485
0
0
0
0
0
0
0
0
0
0
0.00265612
0.000760475
0
0.000563076
0
0
0
0
0
0
0
0
0
0.000402131
0
0
0
0
0
0
0
0
0.000248195
0
0
0
0
0
0.000180137
0
0
0
0.000253617
0
0
0
0
0
0.000668299
0.000402281
0.000402306
0
0
0
0
0
0
0
0
0
0
0
0
0
0
0
0.00116507
0.000266201
0.000291358
0.000359499
0
0
0
0
0
0
0
0
0
0
0
0.00983267
0
0.000406717
0
0
0.000675795
0.00095973
0.00142445
0
0
0
0.000306078
0
0
0
0
0
0
0
0
0
0
0
0
0
0
0
0
0
0
0
0.00147332
0
0
0
0
0
0
0.000709369
0.00147415
0
0
0
0
0
0
0
0
0
0
0
0
0
0
0
0
0
0
0
0
0
0
0.000951797
0
0
0
0
0
0.000407585
0
0
0
0
0.000179174
0
0
0
0
0
0
0.000856282
0
0.00263077
0
0
0
0
0
0
0
0
0
0
0
0
0
0
0
0
0
0
0.000407969
0
0
0
0
0
0.00296763
0
0.00189119
0
0.00231891
0
0
0
0
0
0
0
0
0
0
0
0
0
0
0
0
0
0
0.000591964
0.000296019
0
0
0.00020128
0
0
0.000907355
0.000270579
0
0
0
0
0.000694039
0
0
0
0
0
0.00177735
0.000409332
0
0.000731285
0
0
0
0.00123157
0.00536712
0
0
0
0
0.00146553
0.00041029
0
0.000529512
0
0
0
0
0
0
0
0
0
0
0
0
0
0.000730549
0.00131217
0
0
0.000224351
0
0
0
0
0.00956441
0.000260908
0
0
0
0
0
0
0
0
0.000611038
0.00213641
0
0
0
0
0
0
0
0
0
0
0
0
0
0
0
0
0
0
0
0
0
0.00156665
0
0.00228413
0
0
0.00163256
0.000492292
0
0
0
0
0
0.00160148
0
0.00398252
0
0.00141316
0
0.000743141
0.000909252
0
0.0011078
0
0
0
0.000366118
0.000796781
0
0
0
0
0
0
0
0
0
0
0
0
0
0
0
0
0
0
0
0
0
0
0
0
0
0
0
0
0
0
0
0
0
0
0
0
0.000405487
0
0
0
0
0
0
0
0
0
0
0
0
0
0
0
0
0
0
0
0
0
0
0
0
0
0
0
0
0
0
0
0
0
0
0
0
0
0.000744382
0
0
0
0
0
0
0
0
0
0
0
0
0
0
0
0
0
0
0
0
0
0
0
0.00125363
0.00181067
0.000744955
0.000745051
0
0
0
0
0.00052604
0
0
0
0
0
0
0
0
0
0
0
0
0
0
0
0
0
0.000372621
0
0
0
0
0
0.00074529
0.00206009
0.00078972
0
0
0
0
0.00107769
0
0
0
0
0.0101996
0.00439719
0
0
0
0
0.000659917
0.00526282
0
0
0
0
0
0.00174929
0.000331329
0.0014733
0
0
0
0
0
0
0
0
0
0.000254938
0
0
0
0
0
0
0
0.000223809
0
0.000753082
0
0.000700505
0
0
0
0.000150481
0.000753327
0
0
0
0
0
0
0.000724786
0
0
0
0
0
0
0
0
0
0
0
0.000663476
0
0
0
0
0
0
0
0
0
0
0
0
0
0
0
0
0
0
0.000415327
0
0
0
0
0
0
0
0
0
0
0
0
0
0
0
0
0
0
0
0
0
0
0
0
0
0
0
0.00395572
0
0.00387303
0
0
0.00974453
0
0
0
0
0
0
0
0
0
0
0.000625114
0
0
0
0
0
0
0
0
0
0
0
0.000431795
0
0
0
0
0.00192978
0
0.000236152
0
0
0
0
0
0.000386094
0
0
0
0
0.000679913
0
0
0
0
0
0
0
0
0
0.00615542
0
0.00125549
0.00185781
0.00114815
0
0
0
0
0
0
0
0
0
0
0
0.00187725
0
0.000332494
0
0
0.00130371
0
0
0
0
0
0
0
0
0
0.00603788
0
0
0
0
0
0
0
0
0
0
0
0.000315113
0
0
0
0
0
0
0
0.00036162
0
0
0
0
0
0
0.00101442
0.000274595
0
0
0
0.000211925
0
0
0
0
0
0
0
0
0
0
0
0.00161276
0
0.00072392
0
0
0
0.000966703
0
0.000778722
0.00637896
0
0.000780977
0
0
0
0
0
0
0.00415134
0
0
0
0
0.00036362
0.000363644
0
0
0
0
0
0
0.000688532
0.000765465
0
0
0
0
0
0
0
0
0
0
0.000270262
0
0
0
0.00219138
0
0
0
0.000438296
0.00510702
0
0
0
0
0
0
0
0.00135487
0
0.000690814
0
0
0
0
0
0
0
0
0
0.00216221
0.00522621
0
0.000488415
0
0
0
0
0
0.000440317
0
0
0
0
0
0
0
0
0.000266335
0
0
0
0
0
0
0
0
0
0
0
0
0
0
0
0
0
0
0
0.00207109
0
0
0
0
0.00141172
0.000498008
0
0
0.00217433
0
0
0.00123356
0
0
0
0
0.0007065
0.000515226
0
0.000611361
0
0
0
0.0011211
0.000945128
0.0018351
0.00271642
0
0
0.002364
0
0.00197517
0.000214804
0
0
0
0
0
0
0
0
0
0.000557058
0
0
0.0010649
0
0
0
0
0
0
0
0
0
0
0
0.00367735
0
0.00116742
0
0
0
0
0
0
0
0
0
0
0
0
0
0.000327544
0
0
0
0
0.00112766
0.00369261
0
0.000496203
0.00190498
0
0
0.00166574
0
0.000455232
0
0.000280971
0
0
0.000505098
0.000301213
0
0
0.00158976
0
0
0
0
0
0
0
0
0
0
0
0
0
0
0
0.000408256
0
0
0.00233389
0
0
0
0
0.00019709
0.000661125
0
0
0
0
0
0
0
0
0
0
0.0039127
0
0
0
0
0
0
0
0
0
0
0.000719184
0
0
0
0
0
0
0
0.000409666
0.00271556
0.00133399
0.000493188
0
0.000828555
0.00051634
0
0
0
0
0
0
0
0
0
0
0
0
0.00421343
0.00105937
0.000567112
0.000428315
0
0.00069125
0
0
0
0
0
0
0
0
0
0
0
0
0
0
0
0
0
0
0
0
0
0
0.000753403
0
0
0.00132153
0
0
0
0.000966428
0
0
0.00114684
0
0
0
0
0
0
0.00049567
0
0.000453173
0
0
0
0
0
0
0
0.00148669
0.000433854
0.00159093
0
0.000871984
0
0.00299572
0.000767119
0.00489655
0
0
0
0
0
0
0
0.000220191
0
0
0
0.000604521
0.000252817
0.00368549
0
0
0
0
0
0
0.000863598
0
0
0
0
0
0.000827806
0
0
0.000807466
0
0.00104591
0
0.00116995
0
0
0
0.000246296
0
0
0
0.000324836
0
0
0
0
0
0
0
0
0
0
0
0
0
0.00140305
0.000464117
0.000414583
0.00162511
0
0
0.0013083
0
0
0
0
0.000314928
0
0
0
0
0
0
0
0.000349384
0
0
0
0
0
0
0
0.00100908
0
0
0
0.000930183
0.000830592
0
0
0
0
0
0
0
0
0
0
0
0
0
0
0
0
0
0
0
0
0
0
0
0
0
0
0.000221343
0
0
0
0
0
0
0
0
0
0
0
0
0
0
0
0
0
0
0
0.000615242
0
0
0
0
0
0
0
0.0014631
0.000465248
0
0
0
0
0.000773056
0
0
0.000332136
0
0
0
0.00127142
0
0
0
0
0.000287338
0
0
0.000978072
0.000481481
0
0
0
0
0
0
0
0
0
0
0
0
0.000773888
0
0
0.000387
0
0
0
0
0
0
0.000308173
0.000387055
0
0
0.000742176
0
0
0
0
0
0
0
0.000832559
0.000832679
0
0.00183885
0
0
0
0
0
0
0.000902867
0.000387556
0
0.000701731
0.018138
0.00334536
0
0.00563958
0
0
0
0.00207936
0
0.000330024
0
0
0
0
0.000950417
0.000783387
0
0.00215368
0
0
0
0
0.00047191
0
0
0.00111344
0
0.00684683
0
0
0
0
0
0
0.00106951
0
0
0
0
0
0
0
0
0
0
0
0
0.000787792
0.000343312
0
0.00140714
0.00124247
0
0
0
0
0.000996949
0.000394357
0.00361165
0
0
0.00184645
0
0
0
0
0
0.000475783
0
0
0
0
0.000252632
0
0
0
0
0
0
0.000425037
0
0.00118602
0
0
0
0
0
0
0
0
0
0
0
0
0.000715931
0
0
0
0
0
0
0
0
0
0
0
0
0
0
0
0
0
0
0
0
0
0
0
0
0
0
0
0
0
0
0.000395485
0
0
0
0
0
0
0
0.000847564
0.000344747
0
0
0
0
0
0.00118689
0.000775148
0
0.00066619
0
0.00157627
0
0
0
0
0.000819322
0
0
0
0
0
0.000288423
0.00376927
0
0
0
0
0
0
0
0
0
0.000631946
0
0.00417428
0
0
0
0
0.000184887
0
0
0.000290149
0
0
0
0
0.000326056
0.00403141
0
0
0
0
0
0
0.000377653
0
0
0
0
0
0.00103439
0
0
0
0
0
0
0
0
0
0
0
0.000616633
0
0
0
0
0
0.000189433
0
0.000871929
0
0
0
0
0
0
0
0
0
0
0
0
0.000858633
0
0
0
0
0
0
0
0
0
0
0
0
0
0
0
0
0
0
0
0
0
0
0
0.00123409
0
0.000165087
0
0
0
0
0
0
0
0
0
0
0.00247964
0.00130823
0
0
0.00116603
0
0
0
0
0
0
0
0
0
0
0
0
0.00239021
0
0
0
0
0
0
0.000983328
0
0
0.000400745
0.000748144
0
0
0
0
0
0
0
0.000862015
0
0
0
0
0.00048261
0
0
0
0
0
0
0
0
0
0
0
0
0
0
0
0
0
0
0
0
0
0
0
0
0
0
0
0.000862207
0
0
0.000961646
0
0
0
0
0
0
0
0
0
0
0
0
0
0
0.0006762
0
0
0
0
0
0
0.00086272
0
0.000379844
0
0
0
0
0
0.0073492
0
0
0
0.00020354
0.000338932
0.00182026
0.0016456
0.000804899
0
0.000865553
0
0
0
0
0
0
0.00040257
0
0
0
0
0
0
0
0
0
0
0
0
0.00076224
0
0
0
0
0.00210539
0.00152539
0.000866523
0
0
0
0
0.000866653
0.000866782
0
0.00793016
0.00264421
0
0.0036086
0
0
0
0
0
0
0
0
0
0
0
0
0
0
0
0
0
0
0
0
0.00122416
0.00101587
0
0
0
0
0
0.000909913
0.000773149
0
0
0.000680387
0
0.00200524
0.00165994
0.000490451
0
0
0
0.0012157
0
0
0.00519687
0.0063904
0
0
0.000654184
0
0
0
0
0
0.00494
0.000741129
0.00386962
0
0
0
0.000268746
0.000354446
0.000276593
0.00118661
0.00242434
0
0
0.000381461
0
0.000419743
0
0.000211575
0
0.00433326
0
0
0
0
0
0
0
0
0
0
0
0
0.00178576
0.00104327
0
0
0
0
0.000649067
0.000583464
0
0
0
0
0
0
0.00154844
0
0
0
0
0
0
0
0
0
0
0
0
0.00190514
0
0
0
0
0
0
0
0.00031245
0
0
0
0
0
0
0
0
0
0
0
0
0
0.000715751
0.00178967
0.00429873
0.0025094
0
0
0.00492122
0
0
0
0
0
0.00131704
0
0
0
0
0
0
0.000944283
0
0
0
0
0
0
0
0
0
0
0
0
0
0
0
0
0
0.00148072
0
0
0
0.000944744
0.00400233
0.0036724
0
0
0.000946672
0
0
0
0
0.00273881
0.0021641
0
0.000556215
0
0
0
0
0
0
0
0
0.00036092
0
0
0
0
0
0
0
0
0
0
0
0.000351312
0
0.00353374
0
0
0
0
0
0
0
0
0
0
0
0
0
0
0
0
0
0
0
0.0012518
0
0
0
0
0
0
0
0.000315598
0
0.00061994
0
0
0
0
0.000236024
0.000379716
0.000532099
0.000884145
0.000361718
0
0
0
0
0
0
0.00522778
0
0
0.000419243
0
0
0
0
0
0
0
0
0.000291291
0
0.00159957
0.00510894
0.00181484
0
0
0.00106027
0.000839748
0
0
0
0.00112288
0
0.000420486
0
0.000804274
0
0.00301368
0
0
0
0.00168375
0
0
0
0
0
0
0.00201334
0.000535654
0.000956982
0.00095714
0
0
0
0
0
0
0
0
0.00168569
0
0
0
0
0
0
0
0
0
0
0
0
0
0
0
0
0
0
0
0
0
0
0
0
0
0
0.00415065
0.0283405
0
0
0
0
0
0
0
0
0
0
0
0
0
0
0
0
0
0
0
0
0
0
0.00634431
0
0
0
0
0
0
0
0
0
0
0
0
0
0
0
0
0
0
0
0.000409352
0
0
0
0
0
0
0
0.000394095
0
0.0013568
0
0
0
0
0
0
0
0
0
0
0
0
0
0
0.00124776
0
0.00197859
0
0
0
0
0
0
0
0
0
0.000973857
0
0
0
0
0
0
0.00452969
0
0
0
0.000545878
0
0
0
0
0
0
0
0
0
0
0
0
0
0
0
0
0
0
0
0
0
0
0
0
0
0
0
0.000907043
0
0
0
0
0
0
0
0
0
0
0
0
0
0
0
0
0
0
0
0.000858794
0
0
0
0.000858939
0
0
0
0
0
0
0
0
0
0
0
0
0
0
0
0
0
0
0
0
0
0
0
0
0.000975741
0
0
0
0
0
0.00171846
0
0
0
0
0.00136194
0
0
0
0
0.000991822
0
0
0
0
0
0
0
0
0
0
0
0.000454209
0
0
0
0
0.000454247
0
0
0
0
0
0
0
0
0
0
0
0
0
0
0
0
0
0
0.000860096
0.000908724
0.00191279
0
0
0
0
0
0
0
0
0
0
0
0.000860821
0
0
0
0
0
0
0
0
0.00034517
0.000495153
0
0
0
0
0
0
0
0
0
0
0
0
0
0
0
0
0
0
0
0
0
0.00181092
0
0
0.000861547
0
0
0
0
0
0.00223404
0
0
0
0
0
0
0
0
0
0
0.00136608
0
0
0
0
0
0
0
0
0
0
0
0
0
0
0
0
0
0
0
0
0
0
0
0
0
0
0
0
0
0
0
0
0.000325352
0
0.000489766
0
0
0
0
0.000745373
0
0
0
0
0
0
0.00034584
0
0
0
0
0
0
0
0
0
0
0
0
0
0
0
0
0
0
0
0
0
0
0
0
0
0
0
0
0
0
0
0
0
0
0
0
0
0
0.000725655
0
0
0
0.000639427
0
0
0
0
0
0
0
0
0
0
0.0007259
0
0
0
0
0
0.000698304
0.00131874
0
0
0
0
0
0
0
0
0.00140148
0
0
0.00135636
0
0
0
0.000456593
0.000384878
0
0
0
0
0
0
0
0
0
0
0
0.000326206
0
0.00033929
0
0
0
0
0
0
0
0.000826954
0.00138699
0
0
0
0
0
0
0.000491342
0
0
0
0.000796538
0.000914191
0.000653131
0
0.000550413
0
0
0
0
0
0
0
0
0
0
0
0
0
0
0
0
0
0
0.000865784
0.000983518
0
0
0
0
0
0
0
0
0.00239184
0.00137303
0
0.000414424
0
0
0
0
0
0
0
0.000364552
0.00112375
0
0
0
0
0
0
0
0
0
0
0
0
0
0
0
0
0
0.000947418
0
0
0
0.00192247
0.000855673
0.00169007
0
0
0
0
0
0
0
0
0.000493223
0.000917535
0.000552333
0
0
0.000552379
0
0.00780478
0
0
0
0.0015512
0.000605401
0
0
0
0
0.000376598
0
0
0
0
0
0
0
0
0
0
0
0
0.00184437
0
0
0
0
0
0
0
0
0
0
0
0
0
0
0
0
0
0.0027949
0
0
0.00155425
0
0.00534262
0.00036783
0
0
0
0
0.000437341
0
0
0
0
0
0.00459995
0
0.000736796
0.00939192
0.00690375
0
0
0
0
0
0
0
0
0
0
0
0
0
0
0
0
0
0.00100352
0
0
0
0
0.00138699
0
0
0
0
0
0
0
0.00183488
0
0.000821281
0
0
0
0.00100526
0.000502715
0.000562867
0
0
0
0
0
0
0
0
0
0
0
0
0
0.000328057
0.00114782
0.00186244
0
0
0
0
0
0
0
0
0
0
0.00823533
0
0
0
0
0
0.00136637
0.000791191
0
0
0
0
0.000504728
0
0
0.000871265
0
0.00348892
0
0.000851025
0
0
0.00202777
0
0
0
0
0
0
0
0
0.00245986
0
0
0
0
0
0
0.000941397
0.00160129
0
0
0.00101289
0
0
0
0
0.000232586
0
0.00101316
0
0.000375222
0.000567294
0
0
0
0
0.00170666
0
0.0075333
0.00178921
0
0.00348028
0
0
0.000813135
0.000280362
0
0.000706668
0.000344621
0
0
0
0
0
0
0
0
0
0
0
0
0
0
0
0
0
0
0
0
0.000703356
0
0
0.000492045
0
0
0
0
0
0
0
0
0
0
0.000896569
0
0
0
0.000473633
0.000377166
0
0.000947432
0
0
0
0
0.00171565
0
0
0.000775502
0
0.000623545
0.000897673
0
0
0
0
0
0
0
0.000948432
0.000427543
0
0
0.00194046
0
0
0
0
0
0
0
0
0
0
0.0127806
0.00142969
0.00460373
0
0
0
0
0
0
0.00252759
0
0
0
0
0
0
0
0.000416331
0
0
0
0.00402709
0.00047821
0
0.000575694
0
0
0
0
0
0
0
0.00102852
0.0010287
0.00102889
0.000576051
0.000576102
0
0
0
0
0.000957268
0
0
0
0
0
0
0
0
0
0
0
0
0
0
0
0
0
0
0
0
0.00143616
0
0
0
0
0
0
0
0.000576409
0
0
0
0
0
0
0
0
0
0
0
0
0
0
0
0
0
0
0
0
0
0
0
0.000324834
0.000703614
0
0
0.000907001
0
0.000515174
0
0
0
0
0
0
0
0
0
0
0
0
0
0
0
0
0
0
0.000784045
0
0
0.000958544
0
0
0
0
0
0
0
0
0
0
0
0
0
0
0
0
0.000621408
0
0
0.00103099
0
0
0
0
0
0
0
0
0
0
0
0
0
0
0
0.002946
0.000728609
0
0.0019636
0
0
0
0
0.000578103
0
0
0
0
0
0
0
0
0
0
0
0
0
0
0
0
0
0
0
0
0
0
0
0
0
0
0
0
0
0.00275196
0
0.00687998
0
0
0
0
0
0
0
0
0
0
0
0
0.00103587
0
0
0
0
0
0
0
0
0
0
0
0
0.000456093
0
0.000456134
0.00118269
0
0
0
0
0
0.00348712
0
0.0081658
0.00219056
0
0
0
0
0
0
0
0
0
0
0
0
0
0
0
0
0
0
0.00200816
0
0
0
0
0.00318634
0
0
0
0
0
0
0.000706096
0.000918255
0
0
0
0
0
0
0
0
0
0.000918421
0
0
0
0
0
0
0
0
0
0
0
0
0
0.0042783
0.000471957
0.00058482
0.00329574
0
0
0
0
0
0
0
0
0
0
0
0
0
0.000972631
0
0.000795852
0.000523073
0.00297018
0
0.0003696
0
0
0.00192164
0.0016427
0
0.00155243
0
0
0
0
0
0
0
0
0
0
0
0
0
0
0
0
0
0
0
0
0
0
0
0
0
0
0
0
0.000975181
0
0.00268106
0
0
0.000521388
0
0
0
0
0.000632882
0
0
0
0
0
0
0
0
0.00116643
0
0
0
0
0
0
0
0
0
0
0
0
0
0
0
0
0
0.0112431
0
0.000979965
0.00109972
0
0
0.000980499
0
0
0
0
0
0
0
0
0.0192244
0
0
0.0118155
0
0
0
0.000419777
0.00195598
0
0
0
0
0
0
0
0
0
0
0
0
0
0
0
0
0
0.00356018
0.00466235
0
0
0
0
0
0
0
0
0
0
0
0
0
0
0.00210569
0
0
0
0
0
0
0
0
0
0
0
0
0
0
0.000601731
0
0
0
0
0.00107504
0
0
0
0
0.000537621
0
0
0
0
0
0
0
0
0
0
0
0
0
0
0
0.000500068
0.00060201
0.00171947
0
0.000307447
0.00184485
0
0.00218196
0
0
0
0
0.00139466
0.00979757
0.00138662
0.00112854
0.000763746
0.000438509
0
0
0
0.00142917
0
0.000503382
0.00108257
0
0.000424401
0
0
0
0
0
0
0.00590106
0
0
0
0
0
0
0
0
0
0
0
0
0
0
0.00165189
0.00191217
0
0
0.00212896
0
0
0
0
0
0.00147187
0
0.00041363
0
0
0
0.0016105
0.00264487
0
0
0
0
0
0
0.000860746
0.00197042
0
0
0
0
0
0.00152007
0.000787333
0
0
0
0
0
0
0
0
0
0
0
0
0
0
0
0
0
0
0
0
0.00338481
0.000507407
0
0
0.00651029
0
0
0.000741215
0
0.00118635
0
0
0
0
0
0
0
0
0
0
0
0
0
0
0
0
0
0
0
0.00038656
0
0
0.00380026
0
0
0.000792022
0
0.00214909
0
0.000614139
0
0
0
0
0
0
0
0
0
0.000357943
0
0
0
0
0
0
0
0
0
0
0
0
0.00101603
0
0
0
0.00602149
0
0
0
0
0
0
0
0
0
0
0
0
0
0
0
0
0
0
0
0
0
0
0
0
0.00399869
0
0
0.00112293
0.00598207
0
0
0
0
0
0
0.00406227
0
0
0
0
0
0.000473918
0
0
0
0
0
0
0
0
0
0
0.00112587
0
0
0
0
0.0022069
0
0
0
0.00273943
0
0
0
0
0
0
0
0
0.000631034
0
0
0
0
0
0
0
0
0
0
0
0
0
0.000631095
0
0
0
0.000631157
0
0
0
0.000796049
0.00424264
0.000475395
0
0
0.00156068
0
0.000448426
0.000816333
0.00069136
0
0
0
0.00525729
0.00113202
0
0.00580909
0
0.000305473
0
0
0
0
0.000499266
0
0
0.00199726
0
0
0
0
0.000870261
0
0
0
0.00153713
0
0
0
0
0
0
0
0
0
0
0
0
0
0
0.00113546
0.00340704
0
0
0
0.00128359
0
0
0
0
0
0
0
0
0
0
0
0
0
0
0
0
0.00267371
0
0
0.000338099
0
0
0
0
0
0
0
0.00251205
0
0
0
0
0
0.000569233
0
0
0
0
0
0
0
0.00340981
0
0
0
0
0
0
0
0
0.00185092
0.000516116
0
0
0
0
0
0
0
0
0.00063955
0
0
0
0
0
0
0
0
0
0
0
0
0
0
0
0
0
0
0
0
0
0
0.000846185
0
0
0
0
0
0
0.00159437
0
0
0
0
0
0
0
0
0
0
0
0
0
0
0
0.000503251
0
0
0
0
0
0.000372975
0
0
0
0
0
0
0.000503351
0
0
0
0
0
0.000308033
0
0
0.00686178
0
0.00331318
0
0
0
0.00185786
0.00201897
0
0
0
0.00114702
0
0
0
0
0
0
0
0
0
0
0
0
0
0
0
0
0
0
0
0
0
0
0
0
0
0
0
0
0
0
0
0
0
0
0
0
0
0
0
0
0
0
0
0
0
0
0
0
0
0
0
0
0
0
0
0
0
0
0
0
0
0.000533507
0
0
0
0
0
0
0
0
0
0.00247324
0
0
0
0
0
0
0
0
0
0
0
0
0
0
0.00498788
0
0
0
0
0
0.00116325
0
0
0
0
0
0.000648736
0
0
0
0
0
0
0
0.00205382
0.0011643
0.000943858
0
0.00228269
0
0
0
0.00932812
0
0
0
0.00437058
0.000339291
0
0
0
0
0
0
0
0
0
0
0
0
0
0.00026705
0
0
0
0
0
0
0
0
0
0
0
0
0.0176598
0.00764047
0.00549763
0
0
0
0
0.00121415
0
0
0
0
0
0
0
0
0.000679801
0
0
0
0
0
0.00511291
0
0
0
0
0
0
0
0
0
0
0
0.000923366
0
0
0
0
0
0
0
0
0
0
0
0
0
0
0
0
0
0
0.00535305
0.0016209
0
0
0
0.00122016
0.000362076
0
0
0
0
0.00312642
0
0
0
0
0
0
0
0
0
0
0
0.00297246
0
0.0011377
0.000700873
0
0
0
0
0
0
0
0
0
0
0
0
0
0
0.000871771
0.00245046
0
0
0
0
0
0.0117259
0
0
0
0
0
0
0.00474775
0
0.00101988
0.00126677
0.00204926
0
0
0
0.000982447
0
0.00250705
0.00101643
0
0
0
0
0
0
0
0
0
0
0
0
0
0
0
0
0
0.00408315
0
0
0
0
0
0
0
0
0
0
0
0
0
0
0
0
0
0
0
0
0
0
0.00251058
0.00353271
0
0
0
0
0
0
0
0
0
0
0
0
0
0
0
0
0
0
0
0
0
0.000585842
0
0.002652
0
0
0
0
0
0
0
0
0
0
0
0
0
0
0
0
0.000808462
0
0
0
0
0.00161728
0
0
0.000630716
0
0
0.00280284
0
0
0
0
0.000706662
0
0.00126253
0
0
0
0
0
0
0
0.000370253
0.000912344
0
0
0
0
0
0
0
0
0
0
0
0
0
0
0
0
0
0.00111219
0
0.000631747
0
0
0
0
0
0
0
0
0
0
0
0
0.00117526
0
0
0
0
0
0
0
0
0
0
0
0
0
0
0
0
0.000677524
0.000688801
0
0
0
0.00551951
0
0
0.00426559
0.00507741
0.00241845
0.00168
0.00224073
0
0
0
0.00128874
0
0
0
0.00164462
0
0
0.000920664
0
0
0
0
0
0
0
0
0
0
0
0
0
0
0
0
0
0
0
0.00214654
0
0
0
0.0012753
0
0
0.000485285
0
0
0
0
0
0
0
0
0
0
0
0
0
0
0
0.00142825
0
0
0
0
0
0
0
0
0
0
0
0
0
0
0
0
0
0
0
0
0
0
0
0
0
0
0
0
0.00121824
0
0
0
0
0
0
0.00255341
0
0
0
0
0
0.00102098
0
0
0
0.00112493
0
0.00127797
0
0
0.00841022
0
0
0.0054914
0
0
0.00251999
0
0
0
0.00165377
0
0
0
0
0
0
0.0185126
0
0
0
0
0
0
0
0
0.00347433
0
0
0
0
0
0
0
0
0
0
0
0.00120925
0
0
0
0
0.000752619
0
0
0
0.000604894
0.0032859
0.00145742
0.00291549
0.00121155
0.00130295
0
0
0
0
0
0.00130324
0
0.00260404
0
0
0.00121374
0
0
0
0.0070122
0.00112807
0.000331082
0
0
0
0
0
0
0
0
0
0.00185996
0
0
0
0.00971604
0.00136154
0
0
0
0
0
0
0
0
0
0
0.000332053
0
0
0
0
0.00519421
0
0
0
0
0
0
0
0
0
0
0
0
0
0
0
0
0
0
0
0
0
0
0.00380656
0.00305691
0.00409762
0
0
0
0
0
0
0
0
0
0.00120342
0
0.000482577
0.00055411
0
0
0.00127185
0
0.00052037
0.00120326
0
0
0
0
0
0
0
0.00136845
0.000766211
0
0
0
0
0
0
0.000766301
0
0
0
0.00200708
0.000609319
0
0
0
0.00405931
0
0.00137282
0.00076866
0
0
0
0
0
0
0.00215312
0
0
0
0.00127787
0.00298706
0
0.00269555
0.00107886
0
0.0148181
0.00488622
0
0.00105821
0.00211693
0
0
0
0
0
0.00666296
0
0
0
0
0
0
0
0
0
0
0
0
0
0
0
0
0
0
0
0.00139797
0
0
0
0
0.000404622
0
0
0
0.00252564
0
0
0.00135298
0
0
0
0.000589438
0
0.00186065
0
0
0.0027579
0
0
0
0.00689854
0
0.000786634
0.00113911
0
0
0
0
0
0
0
0
0
0
0
0
0
0
0
0
0.000569691
0.00233512
0
0
0
0
0.00140679
0
0
0
0
0
0
0
0
0
0.000787683
0
0.000787779
0
0
0
0
0.00196356
0.0038631
0
0
0
0
0
0
0
0
0
0
0
0
0
0
0
0
0
0
0
0.000620352
0
0
0
0
0
0
0
0
0
0
0
0.00124085
0
0
0
0
0
0
0
0
0
0
0
0
0
0
0
0.00104398
0.000497712
0.000816131
0
0
0
0
0
0
0
0
0
0
0
0.00141055
0
0
0
0
0
0
0
0
0
0
0
0
0
0
0
0
0
0
0
0
0
0
0
0
0
0
0
0
0
0
0
0
0
0
0
0
0
0
0
0
0
0
0
0
0
0
0
0
0
0
0
0
0
0
0
0
0
0
0
0
0
0
0
0
0
0
0
0.0014109
0
0.00114382
0
0
0
0
0
0
0
0
0
0
0
0
0
0
0
0
0
0.000790175
0.00141175
0
0
0
0
0.000817223
0
0
0
0
0
0.000553618
0
0
0
0
0
0
0
0
0
0
0
0
0
0
0
0
0
0
0
0
0
0
0
0
0
0
0
0
0
0
0
0
0
0
0
0
0
0
0
0.00131382
0.000510357
0
0
0
0
0.00430091
0
0
0
0
0
0
0
0
0
0
0
0
0
0
0
0
0
0
0
0.000791813
0
0
0
0
0
0
0
0
0
0
0
0
0.00203298
0
0
0
0.0102084
0
0
0.000711157
0
0
0
0
0
0
0.00401389
0.00515149
0
0
0.00251161
0
0
0
0
0
0
0
0
0
0
0
0
0
0
0
0
0
0
0
0
0
0
0
0
0
0
0
0.00565391
0
0
0
0.00225327
0
0
0
0.00329699
0
0
0
0.00058031
0
0
0.00112268
0
0
0
0.00559117
0
0
0
0.000420735
0
0
0
0
0
0
0
0
0
0
0.00143516
0
0
0
0
0
0
0
0
0
0
0
0
0
0
0
0.000400209
0
0
0
0
0
0
0
0
0
0
0
0
0
0
0
0
0
0
0
0.000581818
0
0.00103727
0
0
0.00594926
0
0
0
0
0
0
0
0
0
0
0
0
0.00116379
0
0
0
0
0
0
0
0
0
0
0
0
0
0
0
0
0
0
0
0
0
0
0
0.00272742
0
0
0
0
0
0
0
0
0
0.00429533
0.00148802
0.0014884
0
0
0.00148878
0
0
0.00262224
0.00262359
0
0
0
0.00251018
0
0
0
0
0
0
0.00201985
0
0
0
0
0
0.0026987
0
0
0
0
0
0
0
0
0
0
0
0
0
0
0
0
0
0
0
0
0
0
0
0
0
0
0
0
0
0
0
0
0
0.00250789
0
0
0
0.00113673
0
0
0
0
0
0
0
0.00227404
0.00149511
0
0
0
0
0
0
0
0
0
0.00045077
0
0
0
0
0
0
0
0
0
0
0.0682675
0
0
0
0
0.0650695
0.0424418
0.0126532
0.0399233
0
0
0
0
0
0.00377322
0
0
0
0
0
0
0
0
0.000933664
0
0
0
0.00165489
0
0.00165536
0
0
0
0
0
0.00268412
0
0
0
0.00594537
0
0.0305326
0
0
0
0
0.000745318
0
0
0
0
0
0
0
0
0
0
0
0
0
0
0
0
0
0
0
0
0
0
0
0
0.00223628
0.00157557
0
0
0
0
0
0
0
0
0.00670068
0
0.00211051
0
0
0
0
0
0
0
0.00158134
0
0
0.000715975
0
0.00137867
0
0
0
0
0
0
0
0
0
0
0
0
0
0
0
0
0
0
0
0
0
0
0
0.00633
0
0
0
0
0
0
0
0
0.000953581
0
0
0
0
0
0
0.00150005
0
0
0
0
0
0
0.00170425
0
0
0
0
0.000750465
0
0.0188305
0
0
0
0
0
0
0
0.000960208
0
0
0.00379514
0
0
0
0
0.00171838
0.0009622
0
0
0
0
0
0
0
0
0
0
0
0
0
0
0
0.0044141
0
0
0
0
0
0
0
0
0
0
0
0
0
0
0
0
0
0
0
0
0
0
0
0
0
0
0
0.00172195
0
0.000351112
0
0
0
0.000572252
0
0
0
0
0
0
0.0112641
0
0
0
0
0.00193587
0
0
0
0
0
0.00172966
0
0
0
0
0
0
0
0
0
0
0.00173017
0
0
0
0
0
0
0
0
0
0
0
0
0
0
0
0
0
0
0.000865344
0
0
0
0
0
0
0
0.002184
0
0
0
0
0
0
0.00265674
0
0.00522518
0.00472921
0
0
0
0
0
0.00398626
0
0
0
0
0
0
0
0
0
0
0
0
0
0
0
0
0
0
0.000871323
0
0
0.00185759
0
0
0
0.000871978
0.0131837
0.0140281
0.00148237
0
0
0
0.00459635
0
0.00417903
0.0014862
0.00884418
0
0
0.00183534
0
0.00345576
0.00352313
0
0.00149553
0
0
0
0
0.00562685
0.00496082
0
0
0
0
0
0
0
0
0.00361579
0
0
0
0
0
0
0
0
0
0
0.000572652
0
0.00339756
0
0.00178749
0
0.0196375
0.000667121
0
0.00915222
0
0.00304278
0.00195925
0.00796194
0.0174967
0
0
0.00108373
0
0
0
0
0
0
0
0
0
0.0133832
0
0
0
0
0
0
0
0
0
0
0
0
0
0
0
0
0
0
0
0
0
0
0
0
0
0
0
0
0
0
0
0
0
0
0
0
0
0
0
0
0
0
0
0
0
0
0
0
0
0
0
0
0
0
0
0
0
0
0.0112494
0.00324095
0
0
0
0
0
0
0
0.00171289
0
0.00216628
0
0
0
0
0
0
0
0
0
0
0
0
0
0
0.00103176
0
0
0
0
0.00350662
0.0019121
0
0.00162511
0
0
0
0
0
0.00103356
0.0584449
0.00694442
0
0
0.00768037
0
0
0
0
0
0
0.000485801
0
0
0
0
0
0
0
0
0
0
0
0
0
0
0
0
0
0
0
0
0
0
0
0
0
0
0.00106388
0.00106405
0.00106422
0
0
0
0
0
0
0.0010644
0
0
0
0
0
0.00262805
0
0.00274947
0.00160331
0
0
0
0
0.00177167
0.00163319
0.00190646
0
0
0.00190709
0
0
0
0
0
0
0
0
0.00269352
0.00336147
0
0
0
0
0
0
0
0
0
0
0
0.00191023
0
0
0
0
0.00191086
0
0.00230645
0
0.0114051
0.00178663
0
0
0
0
0
0
0
0
0
0
0
0
0
0
0.00411398
0.00347444
0
0.000962722
0.00704056
0
0
0
0
0
0
0
0
0
0
0
0.000918745
0
0
0
0
0.00255602
0
0
0
0
0
0
0.00078472
0
0
0
0
0
0
0
0
0.000583756
0.00193702
0.00069988
0
0
0.00539386
0
0.00814846
0
0
0.0114566
0.00493129
0.00675537
0
0
0
0
0
0
0
0
0
0
0
0
0
0
0
0.00583974
0
0
0
0
0.00111064
0
0.000754952
0.00160865
0.00174805
0
0
0
0
0
0
0
0.00111178
0
0
0
0
0
0.000993223
0
0.0064586
0
0.0035039
0
0
0.00212224
0
0
0
0
0
0
0
0
0.00175267
0
0
0
0
0
0.000927093
0.00199396
0
0
0
0
0
0
0
0
0.000758845
0
0
0
0
0
0
0
0
0
0.00379488
0
0.00278559
0
0
0
0
0
0
0
0
0.00199081
0
0
0
0
0
0
0
0
0
0
0
0
0
0
0
0
0
0.00351959
0.000842013
0.00223966
0
0
0
0
0
0
0
0
0.00279183
0
0
0
0
0
0.00119202
0
0
0
0.000741771
0
0.00149286
0
0.00296914
0
0
0
0.00878686
0
0
0
0
0.00112683
0
0
0
0
0
0.00201333
0
0
0
0
0.00187318
0
0
0
0
0
0.00236907
0
0
0
0
0.00887389
0.00711146
0.00113193
0.00188101
0.000493292
0.000851851
0
0
0
0.000941161
0
0
0
0
0
0
0
0
0
0
0
0
0
0
0
0
0
0
0
0
0
0
0
0
0
0
0
0.0165419
0
0.00646437
0
0
0
0
0.00203809
0
0
0
0
0.016004
0
0.00800331
0
0
0
0
0
0.00207677
0.00175421
0
0
0
0.002079
0
0
0
0
0
0
0.00140828
0
0.0121956
0
0
0
0.00158928
0.00129759
0.00163857
0.00272753
0
0
0.00117155
0
0
0
0.00169659
0
0
0
0
0
0
0.00209401
0
0
0
0
0
0
0
0.010101
0
0
0
0
0
0
0
0
0.0021154
0
0
0
0
0
0
0
0
0
0.00857584
0
0
0
0
0
0
0.000985884
0
0
0.00748462
0
0
0.00592722
0.000988956
0
0.00119067
0
0
0
0
0
0
0
0
0
0
0
0.0541051
0
0
0.00108704
0.0233282
0
0
0
0
0
0.04458
0.00644521
0.0862023
0
0
0
0
0
0
0.0281185
0.0208879
0.0379092
0
0
0
0
0
0
0
0
0
0
0
0
0
0
0
0
0
0
0
0
0.000830284
0
0
0
0
0
0
0
0
0
0
0
0
0.00379124
0.00188635
0
0
0
0
0
0
0
0.0121591
0.000873502
0
0.000651576
0
0
0
0
0
0
0
0
0
0.00319516
0
0.0123903
0
0
0.00258389
0
0
0.00137309
0
0
0.00136255
0
0
0
0.00243459
0
0
0
0.00357059
0
0
0
0
0
0
0
0
0
0
0
0
0
0
0
0
0
0
0
0
0
0
0
0
0
0
0
0
0
0
0.015707
0.0014495
0
0
0
0.0162508
0
0
0
0
0
0
0.00613197
0.00377795
0
0
0
0
0
0
0.000794702
0
0
0
0.00324657
0
0
0
0
0
0
0
0.00112001
0
0
0
0
0
0
0
0
0.0148173
0
0
0.00181152
0
0
0
0
0
0
0
0
0
0.0215087
0
0
0
0
0
0
0
0
0
0
0
0
0
0
0
0
0
0
0
0
0
0
0
0
0.025781
0
0
0
0
0
0
0
0
0
0
0
0
0
0
0
0
0
0
0
0.00601665
0
0
0
0
0
0.00653332
0
0
0
0
0
0
0
0.0039933
0
0
0
0
0.00415341
0.00200281
0
0
0.00178948
0
0
0
0
0
0
0
0
0
0
0
0
0.00414377
0
0
0
0
0
0
0
0
0
0
0
0
0
0
0
0
0
0
0
0
0
0
0
0
0.00157796
0
0
0
0
0
0
0.00581227
0
0
0
0
0
0
0
0
0
0
0
0
0
0
0
0
0
0
0
0
0
0
0
0
0
0
0
0
0
0
0
0
0
0
0
0
0
0
0
0
0
0
0
0
0
0
0.00179501
0
0
0
0
0
0
0
0
0
0
0
0
0
0
0
0
0
0
0
0
0
0
0
0
0
0
0
0
0.00810658
0.00167413
0.00437813
0
0
0
0
0
0
0
0
0
0
0
0
0
0
0
0
0
0.0273593
0
0
0
0
0
0
0
0
0
0
0
0
0
0
0
0
0
0.00964048
0
0
0.00181276
0
0
0
0
0
0
0
0
0
0
0
0.00204892
0.00668635
0
0
0
0
0
0
0
0
0
0.00341817
0.00463431
0
0.0148984
0
0
0
0
0.00162618
0
0
0
0
0.00149748
0
0.0171899
0
0
0
0
0
0
0
0
0
0
0
0
0
0
0
0
0.0103154
0
0
0
0
0
0
0.00194724
0
0
0
0
0.00292747
0.0144148
0
0
0
0.00441392
0.00375738
0
0.00474837
0
0
0
0
0.00376347
0
0
0
0
0
0
0
0.0103325
0
0
0
0
0.0047624
0.0116935
0
0.00153963
0.00472021
0
0
0
0.00194575
0
0
0.00320608
0
0
0
0
0
0
0
0.0223752
0.00208825
0
0.00932629
0
0
0
0.00450729
0.0255391
0.000858667
0
0
0.00171342
0
0
0
0
0.00342799
0
0
0
0
0
0
0
0
0
0
0
0
0.003033
0
0.00390134
0.0176255
0
0
0.00365058
0
0
0
0
0
0
0
0
0.00710336
0
0.00227772
0
0
0.00497392
0
0
0.00394241
0.00278506
0
0
0
0
0
0
0
0
0.012659
0.00410551
0
0
0
0
0
0
0
0
0
0
0
0.0496215
0.0104858
0
0.0820184
0
0
0
0
0
0.00287571
0
0
0
0
0
0
0
0
0
0.016199
0.00427028
0.00752499
0
0
0
0
0
0
0.00180166
0.018488
0
0.0121478
0.00986148
0.0822173
0
0
0.0212225
0
0
0
0
0
0
0
0
0.007937
0
0
0
0
0
0
0
0
0
0
0
0
0
0
0
0
0.00365894
0
0
0.0114008
0.00210753
0
0.0278899
0
0
0.00365981
0.00323604
0.00772498
0
0
0
0
0
0
0
0
0
0
0
0
0
0
0.00570682
0
0
0
0
0
0
0
0
0.0303302
0
0.0160581
0
0
0
0.00466682
0
0
0.00260423
0
0
0
0
0
0
0.00393557
0
0
0
0
0.00355949
0.00712471
0
0.00592241
0.0141519
0.00219224
0
0
0
0
0.00471609
0
0
0.0123182
0
0
0
0
0
0
0
0
0
0
0
0
0
0
0
0
0
0
0
0.00637784
0
0
0.00399506
0
0
0
0
0
0
0
0.00648879
0
0
0.0305256
0
0.0175605
0
0.0659101
0
0.0572322
0.0449352
0.025763
0
0
0
0
0
0.00914398
0
0
0
0
0
0
0
0
0
0
0
0
0
0
0
0
0
0
0
0
0
0
0
0
0
0.00110608
0
0.00242024
0
0
0
0
0.00140257
0
0
0
0.00291596
0
0
0.00519342
0.00798017
0.00486445
0
0
0
0
0
0
0.00460907
0
0.00650778
0
0
0
0.00474345
0.00857763
0.00332505
0
0.00686287
0
0
0
0
0
0
0
0
0
0
0
0
0
0
0
0
0
0
0
0.00492434
0.00541934
0
0
0.00894011
0
0
0.0288486
0.00679155
0
0
0
0
0
0
0
0
0
0
0
0
0
0
0
0
0
0
0
0.0159007
0
0
0
0
0
0
0
0
0
0
0
0
0
0
0
0
0
0
0
0
0
0
0
0
0
0
0
0
0.00413806
0.00403134
0
0
0
0
0
0
0
0
0
0
0
0
0
0
0
0
0
0
0
0
0.0163935
0
0.0104232
0
0
0
0
0
0
0
0
0
0
0
0
0
0
0
0
0
0.00274625
0.00528622
0
0
0
0
0
0
0
0
0
0
0
0
0
0
0
0.0200706
0
0
0
0
0
0
0
0
0
0
0
0
0
0
0
0
0
0
0
0
0
0
0
0
0
0
0
0
0
0
0
0
0
0
0
0.00973145
0
0
0
0
0
0.00233094
0
0
0
0
0
0
0
0
0
0
0
0
0
0
0
0
0
0
0
0
0
0
0
0
0
0
0
0
0
0
0
0
0
0
0
0
0
0
0
0
0
0
0
0
0
0
0
0
0
0
0
0
0
0
0
0
0
0
0
0
0
0
0
0
0
0
0
0
0
0
0
0.0046641
0
0
0
0
0
0
0
0
0.0275066
0
0
0
0
0.00572272
0
0
0
0
0
0
0
0
0
0
0
0
0
0
0
0
0
0
0
0
0
0
0
0
0.0046292
0
0
0
0
0
0
0
0
0
0
0.00800344
0
0
0
0.0115241
0
0
0
0
0
0
0
0
0
0
0
0
0
0
0
0
0
0
0
0
0
0
0
0
0
0
0.00904354
0
0
0.0304489
0.0270532
0
0.00585833
0
0
0
0
0
0.0103262
0
0
0
0
0
0
0
0
0
0
0
0
0
0
0
0.0058761
0
0
0
0
0
0
0
0
0
0
0
0.0212458
0
0
0.0140311
0.0118494
0
0
0
0
0
0
0
0
0
0
0
0
0
0
0
0
0
0
0
0
0
0
0
0
0
0
0
0
0
0
0
0
0
0
0
0
0
0
0
0
0
0
0
0
0
0
0
0
0
0
0
0
0
0
0
0
0
0
0
0
0
0
0
0.0145005
0
0.0223035
0
0.00820553
0
0.0119886
0
0
0
0
0.0397599
0.0269944
0
0
0
0
0
0
0
0.0137636
0
0
0
0
0.0166336
0
0.0599785
0
0
0
0
0
0
0
0
0
0
0
0
0
0
0
0
0
0
0
0
0
0
0
0.0298534
0
0
0
0.00578283
0
0
0
0
0
0
0
0
0
0
0
0
0.0189836
0
0
0.127353
0.015532
0
0
0
0
0
0
0.00290919
0
0
0.00753184
0.00332865
0
0
0
0
0
0
0
0
0
0
0
0
0
0
0
0
0
0.0102267
0
0
0
0.00576064
0
0
0
0
0
0
0
0
0
0
0
0
0
0
0
0
0
0
0
0
0
0
0
0
0
0
0
0
0
0
0
0
0
0
0
0.0266979
0
0
0
0.0654101
0
0
0
0
0
0.00672482
0
0
0
0
0.043889
0
0
0
0
0.0161512
0
0
0
0
0
0
0
0
0
0
0
0
0
0
0
0
0
0
0
0
0
0
0
0
0
0.0413233
0
0.048276
0
0
0
0
0
0.00636533
0
0
0
0
0
0
0
0
0
0
0
0
0
0
0
0
0
0
0
0
0
0
0.0824233
0
0.0151219
0
0
0
0
0
0
0
0
0.0093847
0.00967133
0
0
0
0.00610742
0
0
0
0
0
0
0
0
0
0.00866414
0
0
0
0
0
0
0
0
0
0.00680204
0
0
0.0173798
0
0
0.00706421
0
0.00811837
0
0
0
0.0147205
0
0
0
0
0
0
0
0
0
0
0
0
0
0
0
0
0
0
0
0.0885048
0
0
0.0179687
0
0
0.0238037
0
0
0
0.0101364
0
0
0
0
0
0
0
0
0
0
0
0
0.0362717
0
0
0
0
0
0
0
0
0
0.0216952
0
0
0
0
0
0
0
0
0
0
0
0.00808421
0
0
0
0
0
0
0
0
0
0
0
0
0
0
0
0
0
0
0
0
0
0
0
0
0
0
0
0.042578
0
0.0394516
0.0368599
0
0.0136971
0.00671453
0
0.00886052
0
0.0538917
0.138195
0
0
0.113076
0
0
0
0
0
0
0
0
0
0.0135826
0.0118569
0.0136141
0
0
0.183674
0
0.0656968
0
0
0
0
0
0
0
0
0
0
0
0
0
0
0
0.0237882
0
0
0
0.0252451
0
0
0
0
0
0
0
0.0152649
0
0
0.0759243
0
0.0164914
0
0
0
0.218921
0
0
0
0
0
0.0198809
0.0496519
0.0627194
0.247353
0.0188185
0.0121773
0
0
0
0
0.34116
0
0
0.17917
0
0
0
0
0
0
0
0
0
0
0
0
0
0
0
0
0
0
0.0957685
0.23918
0.242935
0.0617946
0
0
0
0
0.0571678
0
0
0.0875225
0
0.37168
0
0.179436
0
0
0
0
0
0
0
0
0
0
0
0.122666
0
0
0
0.189669
0
0.758265
0.213263
0
0.075841
0
0
0
0.579946
0
0
0
0
0
0
0
0
0
0
0
