0
0
0.00105265
0.00143994
0.00134625
0
0
0
0
0.000228017
0.000228025
0.000228033
0.000228041
0.000228049
0.000228057
0.000228065
0
0
0
0
0
0.000159697
0
0
0
0
0
0.000514578
0
0
0
0
0
0.000441554
0.000319472
0
0.000947647
0
0
0
0
0.000261426
0
0
0
0
0
0.000228201
0
0
0
0
0
0
0
0.000189583
0
0
0
0
0.000228217
0
0
0
0
0
0
0.000319091
0
0
0
0
0.000203874
0
0
0.00128145
0
0.00015519
0
0
0.000456707
0
0
0
0.000189716
0
0
0.000228378
0
0
0
0.000122976
0
0
0
0
0
0
0
0
0
0
0.000189736
0
0
0
0.000343535
0
0
0
0
0
0.000755472
0
0.000228458
0
0
0.000228466
0
0
0
0
0
0
0
0
0
0
0
0
0
0
0
0
0
0
0
0
0
0
0
0
0
0
0
0
0
0
0.000569409
0.000392678
0
0
0.000179714
0
0
0.00103221
0
0
0
0
0
0
0
0
0
0.00035953
0.000640272
0
0
0.000343886
0
0
0
0
0
0
0.000690911
0
0
0
0
0
0
0
0
0
0.000171997
0
0.000719465
0
0
0
0.000408639
0
0
0
0
0
0
0
0
0.000331228
0
0.000539751
0
0
0
0
0
0
0
0
0
0
0
0
0
0
0
0
0
0.00037503
0
0.00155518
0.000311146
0.000739602
0
0.00117352
0.000962408
0
0.000516451
0
0
0.000469934
0
0.000180247
0.000409462
0
0
0
0
0.000204745
0
0
0.000229232
0
0
0
0
0
0.00020476
0.000571339
0
0
0
0
0
0
0
0
0
0
0
0
0
0
0
0
0
0
0
0
0
0
0
0
0
0
0
0
0.000409578
0.000229289
0
0
0
0
0
0
0
0.000234053
0.000123476
0
0.000120113
0
0
0
0
0
0.000486353
0.000190547
0
0
0
0.000136116
0
0
0.00113255
0
0
0.000513858
0.000411159
0
0
0
0
0
0
0
0
0
0
0.000108092
0.000117146
0.000284761
0
0.000151853
0
0
0
0
0
0.000205057
0
0
0
0
0
0
0
0
0
0
0
0.000229581
0
0
0
0
0
0
0
0
0
0
0
0
0
0
0
0
0
0
0
0
0.000190729
0
0
0
0
0
0.000190736
0
0
0
0
0
0.000205086
0
0
0.000381499
0
0.00012192
0.000180592
0
0
0
0
0
0
0
0
0
0
0
0
0
0
0
0
0
0
0
0.000114372
0
0
0
0.000229654
0
0
0
0
0
0
0
0
0
0
0
0
0.000555625
0
0
0.000444632
0
0
0
0
0
0.000624495
0
0
0
0
0
0
0
0
0
0
0
0
0
0
0
0
0
0
0
0
0
0
0.00258939
0.000660793
0
0
0
0
0
0
0.000142
0
0
0
0
0
0
0
0
0
0
0
0
0
0
0
0
0
0
0
0
0
0
0
0
0
0
0.00130032
0
0
0.000630433
0
0
0
0.000297136
0.000500102
0.000668
0
0
0
0
0
0
0
0
0.000208374
0
0
0
0
0
0.000230396
0
0
0
0
0
0
0
0
0
8.50653e-05
0
0
0
0.00128057
0
0
0
0
0
0.000319212
0
0.000230682
0
0
0
0
0
0
0
0
0
0.00018142
0.000106423
0
0
0.00119091
0.00119125
0
0.00113143
0
0
0
0.000412477
0
0
0.000181594
0.00020626
0.000230929
0
0.000230937
0
0
0
0.000230945
0.000142535
0
0
0.000230962
0
0.00030743
0
0
0
0
0.000230994
0.00057571
0
0
0
0.000231027
0
0.000669033
0
0
0.000145704
0
0
0
0
0.000231077
0.000447322
0.000347607
0.000231126
0.000785427
0
0.000728856
0
0
0.000206525
0.000231225
0
0
0
0.000545538
0
0
0
0
0
0
0
0
0
0.00113495
0.000495017
0
0
0.000103658
0.000364016
0
0
0
0
0.000231456
0.000231464
0.000157315
0
0
0.000413521
0.000256819
0
0
0
0
0
0
0
0
0.000500648
0
0.000231579
0
0.000249401
0
0
0
0
0.000757652
0
0
0.000132743
0
0
0
0
0
0
0
0
0
0
0
0.000246078
0
0
0
0
0
0
0
0
0
0
0
0.000652962
0
0
0.000841175
0
0
0
0
0.00101926
0
0
0
0
0
0
0
0
0
0
0
0
0
0
0
0
0
0
0
0
0
0
0
0
0
0
0
0
0
0
0
0
0
0
0
0
0
0
0.000231985
0
0.000231993
0.000828904
0
0
0
0
0
0
0
0
0
0
0
0
0
0.000128708
0
0
0
0
0
0
0
0.000413091
0
0
0
0
0
0.000207285
0
0
0
0.000414585
0
0
0
0
0
0
0.000207308
0
0.00016803
0.000232109
0
0
0.000325058
0
0
0
0.000143264
0
0
0
0.000174581
0
0
0
0
0
0
0
0
0
0
0
0
0
0
0
0
0
0
0
0
0
0
0
0
0
0.000182568
0.000209984
0.00042128
0
0
0
0
0
0
0
0.000404558
0
0.00207434
0
0
0
0
0
0
0
0
0
0.000335383
0
0
0
0
0
0
0
0
0
0.000135405
0
0
0
0
0.000257766
0
0
0
0
0
0
0
0.00115822
0
0
0
0
0
0
0.000193078
0
0
0
0.00145024
0
0
0
0
0
0
0
0
0
0
0
0
0
0
0.000415775
0.000232759
0
0
0
0.00020791
0
0
0
0
0
0
0.000831668
0
0
0
0.000386807
0
0
0
0
0
0
0
0
0
0
0
0
0
0
0.000254414
0
0
0
0
0
0
0
0
0
0.000465684
0
0
0
0
0
0
0.00239427
0
0
0
0.000416237
0
0.000168693
0
0
0
0
0
0
0
0
0
0
0.00112928
0
0
0
0
0
0.000163218
0
0
0
0
0
0
0.000371303
0
0
0
0
0
0.000366683
0
0
0
0.000550064
0
0
0
0
0
0.000300914
0
0
0
0
0
0.000183388
0
0
0
0
0
0
0
0
0
0
0
0
0
0
0.000251139
0
0
0
0
0.00017539
0.000387502
0.000233244
0
0.000332961
0.000186816
0
0.000399287
0
0
0
0.000427046
0
0
0
0.000366726
0
0
0
0.000317266
0
0
0
0.000233428
0
0
0
0
0
0.00125384
0
0.000301445
0
0
0
0.000715348
0
0
0
0
0
0
0
0
0
0
0
0
0
0
0
0
0
0
0
0
0.000582321
0.000551312
0
0
0
0
0
0.000263385
0
0
0
0
0.000620466
0
0
0
0
0
0
0
0
0
0
0
0
0
0
0.000208801
0
0
0
0.000158879
0
0
0
0
0
0
0
0
0
0
0
0
0.000233781
0
0
0
0
0
0
0.000357958
0.00027238
0
0
0.000129709
0
0.000637364
0.000159005
0
0
0
0.00015901
0
0
0
0
0.000194373
0.000368018
0
0
0
0
0
0.00012402
0
0.000297072
0
0
0
0
0
0.000119453
0
0
0
0.000209064
0.00359681
0
0.000235094
0
0
0
0
0
0
0
0
0
0
0
0
0
0.000390618
0
0
0.000235119
0
0
0
0
0
0
0
0
0
0
0
0
0
0
0
0
0
0
0
0
0
0
0
0
0
0
0
0
0
0
0
0.000630055
0
0
0
0
0
0.000235153
0
0
0
0
0
0
0
0
0
0
0
0
0
0.000235162
0
0.000195366
0
0
0
0.000586118
0.00209918
0
0
0
0
0.00042057
0
0
0
0
0
0
0
0
0.000235443
0
0
0
0
0
0
0
0
0
0
0
0
0.000235452
0.000467259
0.000303895
0.000137247
0
0
0
0
0.000210361
0
0
0
0.000170505
0
0
0
0
0
0
0.000195663
0
0
0.000235537
0
0
0.0024812
0.000235828
0
0
0.000142641
0
0
0
0
0
0
0.000570584
8.47415e-05
0
0
0
0
0
0
0
0
0
0.000254032
0
0
0
0
0
0
0
0
0
0
0
0
0
0
0
0
0
0.000330362
0
0
0.000185534
0
0
0.00112739
0
0
0.000236008
0.000250623
0
0
0.000421656
0
0
0.000196097
0
0
0
0
0.00023606
0
0
0
0
0
0
0
0
0
0
0
0.000236068
0
0
0.000421732
0
0
0
0
0
0
0
0
0
0.00118047
0.00148291
0
0
0
0.00223148
0
0
0
0
0
0
0
0
0
0
0
0
0
0
0
0
0
0
0
0
0
0
0
0
0
0
0
0
0
0
0
0
0.000473825
0
0
0
0
0
0
0
0
0
0.000140597
0
0
0
0
0
0
0
0
0
0
0.00165637
0.000156817
0
0.000356583
0
0
0.000498041
0
0
0
0
0.000483461
0
0
0
0
0
0
0.000423643
0
0
0
0
0
0
0
0
0
0
0
0
0.000644733
0.000788202
0
0.000100623
0
0
0.000237242
0
0
0
0.000286295
0
0
0.00076661
0.000237337
0.00103741
0
0
0.000237415
0
0
0.000237424
0
0
0
0
0
0.000178559
0.000219067
0
0
0.000149733
0
0.00013603
0.000332562
0
0
0.000236561
0
0.000766269
0.000127913
0
0
0
0
0
0
0.000237563
0.00234952
0
0
0
0
0
0
0
0.001299
0.000424884
0
0.000944036
0.000153512
0
0
0
0
0
0
0.000357851
0
0
0
0
0
0
0
0
0.000146845
0
0
0
0
0
0
0.000593015
0
0
0
0
0
0
0.000323465
0
0
0
0
0
0
0
0
0
0
0
0
0
0
0
0
0
0
0
0
0
0
0
0
0
0
0
0.00023799
0
0
0
0
0
0
0
0
0
0
0
0.00141689
0.00302391
0
0
0
0
0
0
0
0
0
0.000111041
0
0
0
0.000476538
0.000238287
0
0
0
0.000172514
0
0.000212856
0
0
0.000273029
0
0.00023833
0
0.000576617
0
0
0.000345142
0.000238392
0
0
0
0
0.00056136
0
0
0
0
0
0
0
0
0
0
0
0
0
0
0
0
0
0
0.000162054
0
0
0
0
0
0.000416898
0.000330036
0
0
0
0
0.00021164
0
0
0
0.000266041
0.000179399
0
0
0
0.000238558
0
0
0
0
0.000238567
0.000238576
0.000198202
0
0
0
0
0
0
0.00119297
0
0
0
0
0
0
0
0
0
0
0
0
0
0
0
0
0
0
0
0
0
0
0
0
0
0
0
0
0
0
0
0
0
0.000563006
0.00017278
0.000238672
0
0
0
0
0.000582605
0
0
0
0.000510728
0.000864316
0
0.000898016
0
0
0
0
0
0
0
0.000206221
0.0027745
0
0.000239041
0
0
0.000123571
0
0.000557276
0.000147559
0
0
0.000179815
0.000427154
0.000269498
0
0
0.000144643
0
0
0
0
0.000102326
0
0.00013067
0
0
0
0
0
0
0
0
0
0
0
0
0
0
0
0
0
0.000564271
0
0
0
0.000274046
0
0
0
0.000427343
0
0
0
0
0
0
0
0
0
0
0
0
0.000596227
0
0.00109883
0.000263418
0
0
0
0
0
0
0
0.000241083
0
0.000600856
0
0.00130109
0.00045487
0
0
0
0.00341616
0.000401361
0
0
0
0
0
0
0.000699585
0
0
0
0
0
0
0
0
0
0
0.00095008
0
0.000324729
0
0.000155953
0
0
0.000481278
0
0
0.000138493
0.000563305
0
0.00068867
0.000706257
0
0.000858461
0.000864724
0
0
0
0
0
0
0
0
0
0
0
0
0
0.00130131
0
0.000149593
0
0
0
0
0
0
0
0
0
0
0
0
8.116e-05
0
0.000123717
0.000346163
0
0
0
0
0
0
0
0
0
0
0
0
0
0
0
0
0
0
0
0
0
0
0
0
0
0
0
0
0
0
0
0
0.00096223
0
0.000604357
0
0
0.000146686
0
0.000134531
0
0
0
0
0
0
0
0
0
0.00060447
0.000763046
0
0
0
0.000138974
0
0
0
0
0.000469642
0
0
0
0
0
0.000134592
0.00111831
0
0
0
0.000100391
0.00107788
0
0.00144942
0
0
0
0
0
0.000486539
0
0
0
0
0.00136965
0
0
0
0
0
0.00214498
0.000252527
0.00433042
0.002043
0
0
0
0
0
0
0
0
0.000370072
0
0
0
0
0
0
0
0.00120213
0
0
0
0
0
0.000660111
0.000246372
0
0
0
0
0
0
0
0.00118067
0
0
0
0.000116411
0
0
0
0
0
0
0
0
0
0
0
0
0
0
0.000205357
0
0
0.000586782
0
0
0
0
0
0
0
0
0.00057614
0
0.00513958
0.000974194
0.000247802
0.0019188
0.00328384
0
0
0
0
0.00051547
0
0
0
0
0.000360168
0
0.000180098
0.000206672
0
0.000885807
0
0
0.000620182
0
0.000540521
0
0
0
0
0
0
0
0
0
0
0
0.00151842
0
0
0
0.000249085
0
0
0
0
0
0
0
0.000180333
0
0
0
0.000249105
0.000562032
0
0.000321519
0
0
0
0
0.000783783
0.0002492
0
0
0
0
0
0
0
0
0
0
0
0
0
0
0
0
0.00293975
0
0
0
0
0
0
0
0
0
0
0
0
0
0.00103574
0
0
0
0.000249401
0
0.000249411
0.00024942
0
0
0
0
0
0
0
0.00016952
0
0
0
0
0.000272499
0
0
0
0
0
0.000142905
0
0
0
0
0
0
0
0
0
0
0
0
0
0
0
0
0
0
0.000249478
0
0
0.000296097
0
0
0
0
0
0
0
0
0
0
0
0
0
0
0
0
0
0
0
0
0
0
0.000314661
0
0
0.000281215
0
0
0
0.000508794
0
0
0
0
0
0.000249574
0
0
0
0
0
0
0
0
0
0
0.000558944
0
0
0.000317645
0.000136405
0
0
0.00049934
0
0
0
0
0
0
0
0
0
0
0
0
0
0
0
0
0
0
0
0
0
0.000249689
0
0
0
0
0
0
0
0
0
0
0
0
0
0.00056335
0
0
0.000187805
0
0
0.000154128
0.000499493
0
0
0
0
0
0
0
0
0.000165216
0
0
0.000669306
0
0
0
0
0
0
0
0.000145581
0
0.000249814
0
0
0
0
0
0
0
0
0
0
0
0
0
0
0
0
0
0
0
0
0
0
0.00036172
0
0
0
0
0
0
0
0.00017494
0
0
0
0
0
0
0
0
0
0
0
0
0
0
0
0
0
0
0
0
0
0
0.000161217
0
0.000154205
0
0
0
0
0
0
0
0
0
0.00133913
0
0
0
0
0
0
0
0
0
0.000249929
0
0
0
0
0
0
0
0
0
0.000596659
0
0
0
0
0
0
0
0
0
0
0
0.000250016
0
0
0
0
0
0
0
0
0
0
0
0
0
0
0
0
0
0
0
0
0
0
0
0
0
0
0.00111663
0
0
0
0.000446737
0.00012764
0
0
0
0
0
0
0
0.000250103
0.00118016
0
0
0
0
0
0
0
0
0.000484267
0
0
0
0
0
0
0
0
0
0
0
0
0
0
0
0
0
0
0
0.00022348
0
0
0
0
0
0
0
0.000350393
0
0
0.000293703
0
0
0
0
0
0
0
0
0
0
0
0
0
0
0
0
0
0
0.00124739
0
0.000207947
0
0
0
0
0
0
0.000175278
0
0
0
0
0
0
0
0
0
0
0
0.00060588
0
0.000605894
0.000302994
0
0
0
0
0
0
0
0
0.000393993
0
0.000177625
0
0
0
0
0
0
0
0
0
0
0
0.000725506
0
0
0
0
0
0
0
0
0
0
0
0
0
0
0
0
0
0
0
0
0
0
0
0
0
0
0
0
0
0
0
0
0
0
0
0
0
0
0
0
0
0
0.000416327
0
0
0
0
0
0
0
0
0
0
0.000751785
0
0
0
0
0
0
0
0
0
0
0.000250624
0.000250634
0.000447754
0
0
0
0
0
0
0.000556162
0
0
0
0
0
0
0
0
0
0.000497504
0.000410969
0
0
0.000273941
0.000910105
0
0
0
0.000158175
0
0
0
0
0
0.000511468
0.000250886
0
0
0.000224102
0
0
0
0
0
0
0.000165969
0
0
0
0
0
0
0
0.000341058
0
0
0
0
0
0
0
0
0
0
0
0
0
0
0
0
0
0
0
0
0
0
0
0
0
0
0
0
0
0
0
0
0
0
0
0
0
0
0
0
0
0
0
0
0.000250934
0
0
0
0
0
0
0
0.000439048
0
0
0
0
0
0
0
0
0
0.000506081
0
0.00236671
0
0
0
0
0
0
0.000448759
0
0
0
0
0
0
0.000351817
0
0
0
0
0
0
0
0
0
0
0
0.000251245
0
0
0
0.000251255
0
0
0
0
0
0
0
0.000251264
0
0.00022444
0
0
0.000188976
0
0
0
0
0
0
0
0
0
0
0
0
0
0
0
0.00020876
0
0
0
0
0
0
0
0
0
0
0
0
0
0
0
0.000224466
0
0
0
0
0
0
0
0
0
0
0.000897838
0
0
0
0
0
0
0
0
0
0.000251381
0
0
0
0
0.000251391
0
0
0
0
0
0
0
0
0
0
0
0
0.000208849
0
0
0
0
0
0
0
0
0
0
0
0
0
0
0
0
0
0
0
0
0
0.00025141
0
0
0
0
0
0
0
0
0
0
0
0
0
0
0.000155166
0
0
0
0.000189085
0
0
0
0
0
0
0
0
0
0
0
0
0
0
0
0
0.000251439
0
0
0
0.000512676
0
0
0
0
0
0
0
0
0
0
0
0
0
0
0
0
0.000937608
0.00236749
0
0
0
0
0
0.000251683
0
0
0
0
0
0
0
0
0
0
0
0
0
0
0
0
0
0
0
0
0
0
0.000503386
0
0
0
0.000251712
0
0
0
0.000224841
0
0
0.000449699
0
0
0
0
0
0
0
0
0
0
0
0
0.000197982
0
0
0
0
0
0
0
0
0
0
0
0
0
0
0
0
0
0
0
0
0
0
0
0
0
0
0
0
0
0
0
0
0
0
0
0
0
0.000251761
0
0
0
0
0
0
0
0
0
0
0
0
0
0
0
0
0
0
0
0
0
0
0
0
0
0
0
0
0
0
0
0
0
0
0
0
0
0
0
0
0
0
0
0.000449769
0
0
0
0
0
0.00011985
0
0
0
0
0.000105889
0
0
0
0
0
0
0
0
0
0
0.000449838
0
0
0
0
0
0
0
0
0
0.000171151
0
0.000251839
0.000755548
0.00155449
0
0.000450135
0
0
0
0
0
0
0
0
0
0.000251996
0
0
0.000162607
0
0
0
0
0
0
0.000513831
0
0
0
0
0
0.000225129
0
0
0
0
0.000209392
0
0
0.001438
0
0
0
0
0
0
0
0
0
0
0
0
0
0
0
0
0
0
0
0.0015029
0
0.000225567
0
0.000252545
0
0
0
0
0
0
0.000252555
0
0
0.000839263
0.00148346
0
0
0.000182994
0.000190101
0
0.000140221
0
0
0
0
0
0
0
0
0
0
0.000451608
0
0
0
0.000451643
0
0
0.000225839
0
0
0
0
0
0
0
0
0
0
0
0
0
0
0
0
0
0
0.000630158
0
0
0
0.000758638
0
0
0
0.000380395
0
0
0
0
0
0
0
0
0.000397816
0.000171911
0.000630428
0.000505975
0
0
0
0
0
0.000353741
0.000172627
0
0
0
0
0
0
0
0
0
0.000398017
0
0
0
0
0
0
0
0
0
0
0
0
0
0
0
0
0
0
0
0
0
0
0
0
0
0.000105529
0.000163304
0
0
0
0
0
0
0
0
0
0
0
0
0.000253096
0
0
0
0
0
0
0
0.000380692
0.000276597
0
0
0
0
0
0
0
0
0
0.00015311
0
0
0
8.22448e-05
0
0
0
0
0
0
0
0
0
0
0
0
0
0
0
0
0
0.000452259
0
0
0
0
0.000842264
0
0
0
0
0
0
0
0
0
0
0
0
0
0
0
0.000344305
0
0
0
0
0
0
0
0
0.000199218
0
0
0.000253333
0
0
0
0
0
0
0
0
0
0
0
0
0
0
0
0
0
0.000452577
0
0
0
0.000420958
0
0
0
0
0
0
0
0
0
0
0
0
0
0
0.000597795
0
0
0.000132731
0.000679078
0
0.000253452
0.000571841
0
0
0
0
0
0
0
0
0
0.000190636
0.000253501
0
0.000928002
0
0
0
0
0.00025362
0
0.000421402
0.000453125
0
0
0.000210734
0
0
0.00156561
0
0.000253779
0
0
0.000253789
0
0.000253799
0
0
0
0
0
0
0
0
0
0
0
0
0
0
0.000210849
0
0
0
0.000480148
0
0
0
0
0
0
0.000327591
0
0
0.000199647
0.000253878
0.000199662
0.000815474
0.000253987
0.000253997
0.000191024
0
0.000281803
0
0
0.000336082
0
0
0
0
0
0
0.000254057
0
0
0
0
0
0.000254067
0
0
0
0
0
0
0
0
0
0.00165155
0.000255286
0
0
0
0
0
0
0
0
0
0.00113818
0
0
0
0
0.000697426
0.000483418
0.000722169
0.000255638
0
0
0.000603139
0
0
0
0
0
0.0012534
0.000894556
0
0
0
0
0
0
0
0
0
0
0
0
0
0
0
0
0.000185252
0
0
0.000293179
0.000106715
0
0
0
0
0
0.000489154
0
0
0
0
0
0.000322851
0
0
0
0
0
0
0
0
0.000357954
0.000256051
0
0
0.0010636
0
0
0
0.000457523
0
0
0
0.00032877
0.000830928
0
0
0
0
0
0
0
0
0
0.0017944
0
0
0
0
0.000158494
0
0
0
0
0
0
0.000781791
0.00187549
0
0.000607808
0.000175216
0
0
0
0
0.000170544
0
0
0
0
0
0
0
0
0
0
0.00114395
0
0
0
0
0.000460778
0
0
0
0
0
0
0
0
0
0
0
0
0
0
0
0.00236126
0.000175432
0.000203005
0
0
0
0
0
0
0
0
0
0.000461162
0.00025817
0
0
0
0.00182734
0
0
0
0
0
0
0
0
0.000306523
0
0.000260401
0
0
0
0.000286569
0
0
0
0
0
0.000461493
0
0
0
0
0
0.000194293
0
0
0
0
0
0
0
0
0
0
0
0
0
0.000163048
0
0.000512752
0
0
0
0.000258416
0.00116871
0
0.00150991
0.000401098
0.000889069
0.000724668
0
0
0
0
0
0
0
0
0
0
0
0
0
0
0
0.000214977
0
0
0
0
0
0
0
0
0
0
0
0
0
0
0
0
0
0
0
0
0
0
0
0.000258787
0
0
0
0
0
0
0.00017119
0
0
0
0
0
0.000450917
0
0
0.000143599
0
0
0
0
0.000141448
0
0.000543848
0.000159802
0
0.000778939
0
0.000132177
0
0.000301873
0
0
0
0
0
0
0
0
0
0
0
0
0
0
0
0.000544086
0
0
0.000780606
0
0
0
0
0
0
0.000313749
0.000259169
0
0.000215311
0
0.000176153
0.0002592
0
0
0
0
0
0
0
0
0
0
0
0
0
0
0
0
0
0
0.000215337
0
0
0
0.000296984
0
0
0
0
0.000387337
0
0
0
0
0
0
0
0
0
0
0
0
0
0
0
0
0
0.000218062
0.000478456
0
0
0
0
0
0.000171546
0
0.0004633
0.000259366
0
0
0.000215475
0
0
0
0
0
0
0.000430967
0
0
0
0
0.000518815
0.000187813
0
0
0.000259439
0
0
0.000126253
0
0
0
0
0
0
0.000176336
0
0
0
0
0
0
0
0
0.000231761
0
0
0
0
0
0
0
0
0
0
0
0
0
0
0
0.000375702
0
0
0.000563598
0.00067325
0
0
0
0
0
0
0
0
0
0
0
0
0
0
0
0
0
0
0.000515275
0
0.000160269
0.000215742
0
0
0
0
0
0
0
0.000259709
0
0
0.000215759
0
0
0
0
0
0
0
0
0
0
0
0.00025569
0
0
0
0.000327579
0.000662896
0.000171868
0
0
0.000280041
0.000928454
0
0
0.000232151
0
0
0
0.000363988
0
0
0.000464357
0
0.000408872
0
0
0
0
0
0
0.000259979
0
0
0
0
0
0
0
0
0
0.000184341
0
0
0
0
0
0
0.000232244
0
0
0
0
0
0
0.000260021
0
0
0.00172815
0
0
0
0
0.000216088
0
0
0
0
0
0
0.00158718
0.000232448
0.000245124
0
0
0
0
0
0.000157419
0
0
0
0
0
0
0.000565292
0
0.000154472
0
0
0
0
0
0
0
0
0
0
0
0
0
0
0
0
0.000260323
0.000996051
0.000482196
0
0.000321502
0
0
0
0
0
0
0
0
0
0
0
0
0
0
0
0
0
0
0.000232672
0
0
0
0
0
0.000465363
0
0
0
0
0
0
0
0.000260521
0
0
0
0.000260532
0
0
0
0
0
0
0
0
0
0
0
0
0
0
0
0
0.00021913
0.000204912
0
0
0
0
0
0
0
0
0
0
0
0
0
0
0
0
0.000216469
0
0
0
0
0
0
0
0
0
0
0
0
0
0
0
0
0
0
0
0
0
0
0
0
0.000260584
0.000521189
0
0.000188673
0.000164342
0
0.000216521
0
0
0
0
0
0
0
0
0
0
0
0
0
0.000196017
0
0
0.000204986
0
0
0
0
0
0
0
0.000260668
0
0
0
0
0
0.000465681
0.000336432
0
0
0
0
0
0
0
0
0
0
0
0
0.000465756
0
0
0
0
0
0
0
0
0
0
0
0
0
0
0.000196088
0
0
0
0
0
0
0
0.000392191
0
0
0
0
0
0
0
0
0
0
0
0
0
0
0
0
0
0
0
0
0.000517489
0
0
0
0
0
0
0
0
0.000521608
0
0
0.0012025
0
0.000144887
0.000466637
0.000164725
0
0
0
0
0.000405133
0.000257213
0
0.00032953
0
0
0
0
0
0
0.000140709
0
0
0
0
0.00014278
0
0
0
0
0
0
0.000189197
0
0
0
0
0
0
0
0
0
0.000651343
0
0
0
0.000821431
0
0.000217193
0
0
0.00172948
0.00138414
0.0014427
0.000217473
0
0
0
0.000295039
0
0
0
0
0.000183322
0.000812064
0.000495412
0
0
0
0
0.000196974
0.000467917
0.00038456
0
0
0
0
0
0
0
0
0
0.000305382
0.00017808
0
0
0
0
0
0
0
0.000262036
0.000234062
0
0
0.000262057
0.000234081
0
0.000435438
0.00138699
0
0
0
0
0.000234185
0
0
0
0
0
0
0
0
0
0
0
0.000165331
0
0
0
0.000468408
0.000653526
0.00173479
0
0
0.000435913
0
0.000145543
0
0.000262396
0.000619084
0
0
0.000189992
0.00103197
0
0
0
0
0.000262502
0
0
0
0
0
0
0
0
0
0
0
0
0
0
0
0
0
0
0
0
0
0
0
0
0
0
0.00031755
0
0.000286877
0
0
0
0
0.000262555
0
0
0
0
0
0
0
0
0
0
0
0
0
0
0
0.000469052
0
0
0
0
0.000607031
0
0
0
0.000311745
0
0.000565798
0
0
0
0
0
0
0
0
0
0
0
0
0
0
0
0
0.000654796
0
0.00152804
0
0.000469546
0
0
0
0
0
0
0
0
0
0
0
0
0
0.000413442
0.000106948
0
0
0
0
0
0
0.00031201
0
0
0
0
0
0
0
0
0
0
0
0
0.000301217
0
0
0.000234859
0
0
0
0.000169667
0
0.000469755
0
0
0.000436937
0
0
0
0
0
0
0
0
0.000444603
0
0
0.000178765
0
0
0
0
0
0
0
0
0.000444675
0
0
0
0
0
0.00296187
0.000207115
0.000828493
0.000621471
0
0
0
0
0
0
0
0.000332363
0
0.000263482
0
0.00015636
0.000470728
0
0.000469136
0
0
0
0.000263557
0.000263568
0
0.000837737
0
0.000263664
0.000263675
0
0
0
0
0
0
0
0
0.000438109
0
0
0
0
0.000572732
0
0
0
0.000170178
0
0.00073752
0.000207468
0
0
0
0
0
0
0
0.000720719
0.000369536
0.000288296
0.000219259
0
0
0
0
0
0
0.000198496
0
0
0
0
0
0
0
0
0.000340632
0
0
0
0
0
0
0.00019852
0.00151188
0
0
0.000415494
0
0
0
0
0
0
0
0
0
0
0
0
0
0
0
0
0
0
0.000235977
0
0
0
0
0.000349528
0
0
0.000207789
0
0.000264233
0.00047205
0
0.000154009
0
0
0
0
0
0
0
0
0
0
0
0
0.000473478
0
0.000198778
0.000555252
0
0
0
0
0
0.000264362
0
0
0
0.000740457
0.000264416
0
0.000500215
0
0
0
0
0.000643379
0
0.000144543
0
0
0
0
0
0
0
0
0
0
0
0
0
0
0
0
0
0.000151554
0
0
0
0
0.000236323
0
0
0
0
0.000208077
0.000219813
0.00022447
0
0
0.000555886
0
0
0
0
0
0
0
0
0
0
0
0
0
0
0
0
0
0
0.000264664
0.000208145
0
0
0
0
0
0.000185333
0
0.000264696
0.000834576
0
0
0
0.000440582
0
0
0
0
0
0.000606735
0
0.000170886
0
0
0.000473128
0.000208298
0
0
0.00102548
0
0
0.000191807
0
0
0
0
0.000540901
0
0
0.000160279
0
0
0
0.000265009
0.00066049
0
0
0
0
0
0.000180137
0
0
0.000265064
0.000265074
0.000265085
0
0
0
0
0
0
0
0
0
0
0.000191916
0
0
0
0
0
0
0
0
0
0
0
0
0
0
0
0
0
0
0
0
0.000371256
0.000265129
0
0.000797582
0.000660895
0.00119791
0
0.000343554
0
0
0
0
0
0
0
0
0
0
0
0.000137153
0
0.000142872
0
0
0
0
0
0
0
0
0
0
0
0.000265345
0
0
0
0.000265356
0
0
0
0
0
0
0
0
0.00018581
0
0.00014954
0
0
0
0
0
0
0
0
0.000152025
0.00176573
0.000265519
0.00150286
0
0
0
0
0
0
0
0
0
0
0
0.00036153
0
0
0
0
0
0
0
0
0
0
0
0
0
0
0
0
0
0
0
0.000171635
0
0
0
0
0
0
0.0003609
0
0.000192601
0.000577826
0
0
0.000266085
0
0
0
0
0
0
0
0
0
0
0.000155076
0
0
0
0.000475378
0
0.000237709
0
0
0
0
0
0
0
0
0
0
0
0
0
0
0
0
0.000266139
0
0
0
0
0
0
0
0
0
0
0
0.000209306
0
0
0
0
0
0
0
0
0
0
0
0
0
0
0.000266161
0
0
0
0
0
0
0
0
0.00262833
0
0.000266347
0
0
0
0.000266358
0
0.000266369
0
0
0
0.00026638
0
0
0.000663905
0
0
0
0
0
0
0
0
0
0
0.000221329
0
0.000325175
0
0.000476022
0
0
0
0
0.0012651
0
0
0
0
0
0.000316379
0
0
0
0
0
0
0
0.000344045
0
0
0
0
0
0
0
0
0
0.000714444
0
0
0
0
0
0
0.000266653
0
0
0
0
0
0
0
0
0
0
0
0
0
0
0
0.000483858
0
0
0
0
0
0
0.000417378
0.000373545
0.000266763
0
0.000609188
0
0.000443331
0
0.000209856
0
0
0
0.00100964
0.000221748
0
0.00236508
0
0
0
0
0.00345943
0
0
0
0
0
0
0
0
0
0
0
0
0
0
0
0
0
0
0
0
0
0
0.0020868
0
0
0
0
0
0
0
0
0
0
0
0
0
0
0
0
0
0
0
0.000535528
0.00356322
0.00178323
0
0.000958061
0
0.000405576
0.000239585
0
0
0
0
0
0
0
0
0
0
0
0
0
0
0
0
0
0
0.00014242
0
0
0
0
0
0
0
0
0
0.0016915
0.000222939
0
0
0
0
0
0
0.000222948
0
0
0
0
0
0
0
0
0
0
0
0
0
0
0
0
0
0
0
0
0
0
0
0
0
0
0
0
0
0.000563769
0.00053266
0.000536901
0.000268473
0
0.000388738
0
0
0
0.000666313
0
0
0
0
0
0
0
0
0
0.000165766
0.00114092
0.000211307
0
0
0
0
0
0
0
0
0
0
0
0.000173383
0.000480042
0
0
0
0
0.000537479
0.000268762
0
0
0
0
0
0
0
0
0
0
0
0
0.000240071
0.000268784
0
0.000376422
0
0.000389221
0
0
0
0
0
0
0
0
0
0
0
0
0.000126607
0
0
0
0.000497772
0.000211456
0
0
0
0
0
0
0.00020222
0.000130855
0
0
0.000211482
0
0.000137253
0
0
0
0
0
0
0
0.00312787
0
0
0
0
0.000376843
0
0.000223568
0.000807388
0.000538326
0
0
0
0.000240439
0
0
0
0.000868495
0
0
0
0
0
0
0
0
0
0
0
0
0
0
0.000182992
0
0
0
0
0
0
0
0
0
0
0
0
0
0
0
0
0
0
0
0
0
0
0
0
0
0
0
0
0
0
0.000481017
0
0
0
0
0
0
0
0
0
0
0
0
0
0
0.00019495
0
0
0
0
0
0
0.000141051
0
0
0
0
0
0
0
0
0
0
0
0
0
0.000538616
0.000313922
0
0.0015286
0
0
0
0
0.00065553
0.000159956
0
0
0
0.00165016
0
0
0
0
0
0
0
0
0
0
0
0
0
0
0
0
0
0
0
0
0
0
0
0
0
0
0
0
0
0
0
0
0
0
0
0
0
0
0
0
0
0
0
0
0
0
0
0
0
0
0
0
0
0
0
0
0
0
0
0
0
0
0
0
0
0
0
0
0
0
0
0
0
0
0
0
0
0
0
0
0
0
0
0
0
0
0
0
0
0
0
0
0
0
0
0
0.000275714
0
0
0
0
0
0
0
0
0
0
0
0
0
0
0
0
0
0.000458114
0.00137446
0
0
0
0
0
0.00018245
0
0
0
0
0
0
0
0
0.00035596
0
0
0.000144486
0
0
0.000556236
0
0
0
0
0
0
0
0.0014404
0
0
0
0
0
0
0
0
0
0
0
0
0
0
0
0
0
0.000278937
0
0.00018452
0.00047743
0
0
0.000195362
0
0.000498448
0
0
0
0.000398469
0
0.00027474
0
0
0
0
0
0
0
0
0
0
0
0
0
0.000227158
0
0.000808307
0.000751881
0
0
0
0
0
0
0
0.000680746
0
0
0
0
0
0
0
0
0
0
0
0
0
0
0
0
0
0
0
0
0
0.000301775
0
0.000539122
0
0
0
0
0
0
0
0
0
0
0
0
0
0
0
0
0
0
0
0
0
0
0
0
0.000301817
0
0.000226989
0.000316198
0.000920803
0.000205257
0.000293946
0.0002115
0.00030207
0
0.000365418
0.000539699
0
0
0.0015617
0
0
0
0
0
0.000218877
0
0
0
0
0
0
0
0
0
0
0
0
0
0
0
0
0
0
0
0.00272856
0
0
0
0
0.00030252
0
0
0
0
0
0
0
0
0
0
0.0016499
0
0
0
0.000303227
0
0
0
0.00197151
0.000502168
0.00080881
0.000108435
0
0
0.00140439
0
0
0
0
0
0
0.000311657
0
0
0
0
0
0
0
0
0
0
0
0
0
0
0.000278388
0
0
0
0
0
0
0
0
0
0
0
0
0
0
0
0
0
0.000245116
0
0
0
0
0
0
0
0
0
0
0
0.000155239
0
0
0
0
0
0
0
0
0
0.00371028
0
0
0.000481327
0
0
0.000514538
0.000799009
0
0
0
0
0
0.00266136
0
0
0
0
0.000158585
0
0
0.000784097
0
0
0
0
0
0
0
0
0
0.000186725
0
0
0
0.000761987
0.000918781
0
0.00020705
0
0
0
0
0
0
0.00168767
0
0
0
0
0
0
0
0
0.000495443
0
0
0
0
0
0
0
0
0
0
0
0
0
0
0
0
0
0
0
0
0
0
0
0
0.000177519
0
0
0
0
0
0.000261721
0.00031506
0
0.000991126
0.000281483
0
0
0
0.000134842
0
0.000367347
0
0
0
0
0.00159852
0
0.000642934
0
0
0
0
0
0
0.000496045
0
0
0.000685029
0.000931656
0
0
0
0
0
0
0
0
0
0
0
0
0
0.000116501
0.000281866
0
0
0.00023733
0
0.000456953
0
0
0
0
0
0.000315627
0
0
0
0
0.000315642
0
0.00018396
0
0.000214541
0
0
0
0
0
0
0
0
0.000932419
0.000326503
0.00180926
0.000209026
0
0.000199427
0
0
0.000811339
0
0
0
0
0.000356282
0
0
0.000326868
0
0
0
0.000248663
0
0.000497349
0
0.00107464
0.000686998
0.00110623
0
0.00210316
0
0
0
0
0
0
0
0
0
0
0
0.000565547
0.000565602
0
0
0
0
0
0
0
0.000263048
0
0.000544182
0
0
0
0
0
0
0.000714525
0
0
0.000316751
0
0
0
0
0
0
0
0
0
0
0.000282939
0
0.000295271
0
0
0
0.00173095
0
0
0.000476745
0
0
0
0
0.000498588
0
0
0
0
0
0
0
0
0.000747955
0
0
0
0
0.00131704
0.000317154
0
0
0
0
0
0
0.000222082
0
0
0
0
0
0
0
0
0
0
0
0
0.000283312
0
0
0
0
0
0
0
0.000263511
0.00111057
0.000839535
0
0.000283465
0
0
0
0
0.00224424
0
0
0.000615343
0.00100011
0
0.000284034
0
0
0
0
0
0.0008021
0
0
0
0
0
0
0
0
0
0
0
0
0
0
0
0
0
0
0
0
0
0
0.00104575
0
0
0.000324826
0.000476653
0
0
0
0
0.000568653
0
0
0.000318351
0.000318367
0
0
0
0
0
0
0
0.000318382
0
0
0
0
0.000962881
0
0
0.000568932
0
0
0
0
0
0
0
0.00130131
0.00058049
0
0.000230681
0
0
0
0
0
0
0
0
0
0.00111187
0
0
0
0
0
0.000590696
0
0
0
0
0.00042214
0
0.000650645
0
0.000250998
0.000772198
0
0
0
0
0
0.000108898
0
0
0
0
0
0
0
0.000570331
0
0.000133139
0
0
0
0
0
0.000795783
0.00047493
0
0
0
0
0
0
0
0.00208856
0
0
0
0
0
0.000320204
0
0
0
0
0
0
0
0
0
0
0
0
0.00042364
0
0
0.00377088
0.00042433
0.000286518
0.000286532
0
0
0
0
0
0
0
0
0
0
0
0
0
0
0
0
0
0
0
0.000573093
0
0
0
0
0
0
0
0
0.000299051
0
0
0
0
0.0013328
0
0.000198077
0.00103551
0
0
0
0
0
0
0
0
0
0
0
0
0
0
0
0
0
0
0
0
0.000533408
0.000321075
0
0
0.00128753
0
0
0
0
0
0
0
0
0
0
0
0
0
0.000573802
0
0
0.000724743
0.000115423
0.00110955
0
0
0.00134162
0
0
0
0
0
0
0
0.000321632
0
0.000447754
0
0
0
0
0
0
0
0
0
0
0
0
0
0
0
0
0
0
0
0.000326157
0
0
0.000411348
0
0
0
0
0
0
0
0
0.000582742
0
0
0
0
0
0
0
0
0
0
0
0
0
0
0
0.000604026
0
0
0
0
0
0
0.000674638
0
0.000201423
0
0
0.000592224
0.000256716
0
0
0
0
0.000162586
0
0
0
0
0
0
0
0
0
0
0
0
0
0
0
0
0.00178195
0
0
0
0
0
0
0
0
0.000142322
0
0
0
0
0
0
0
0
0
0
0
0
0
0
0.000583739
0
0
0
0
0
0
0
0
0
0.000946342
0
0
0.00176491
0
0
0
0
0
0
0.000357604
0
0
0
0
0
0
0.000322202
0.000710901
0
0
0.000514907
0
0
0
0
0
0
0
0
0
0
0
0
0.000271991
0
0
0
0.000222527
0.000176313
0
0
0
0
0
0.000560429
0
0
0
0
0
0
0.00274155
0
0
0
0
0
0
0.000334738
0.000330647
0.000554487
0.00058604
0.000237518
0.00251637
0.000238072
0
0
0.000293747
0
0
0
0
0.000207383
0.000775961
0
0
0
0
0
0
0
0
0
0.000690995
0
0
0
0
0
0
0
0
0
0
0
0
0
0
0
0.000329001
0
0
0
0
0.000329017
0
0.0004353
0
0.000952914
0.000293986
0
0
0
0.000653182
0
0
0.000546961
0.000247597
0.000776787
0
0
0
0
0
0
0
0
0
0
0.00152479
0
0.000518121
0
0
0
0
0
0
0
0
0
0
0
0
0
0
0
0
0
0
0.000168142
0
0
0.000192008
0
0
0
0
0
0
0
0
0
0
0.000365525
0.00103891
0
0.000329602
0.0019888
0
0
0
0
0
0
0
0
0
0
0
0
0
0
0
0
0
0
0
0.0002242
0
0
0
0
0
0.000294673
0
0
0
0
0
0.000477692
0
0
0
0
0
0
0
0
0
0.000329954
0
0.00054824
0.000744529
0.000589615
0
0.000330088
0
0
0
0
0
0.000274231
0.00109698
0
0
0
0
0
0
0.000448811
0
0
0.00117983
0.00054877
0
0
0
0.000330323
0
0
0.000937495
0
0
0.000274636
0
0.000330609
0
0.000330626
0.001573
0.000295438
0
0
0
0
0
0.00124379
0
0.000248821
0
0
0.000248834
0.00143731
0.000330997
0.000331013
0
0
0
0
0
0
0
0
0
0
0.00033103
0
0
0
0
0
0
0
0
0
0
0
0
0
0
0
0
0
0
0
0
0
0.000295695
0
0
0
0.000248974
0
0
0.000219004
0
0
0
0
0
0
0.000331098
0
0
0
0
0
0
0
0
0
0
0
0
0
0
0
0
0.000295755
0.000275085
0
0.000417622
0.00082538
0.00193452
0
0.000296027
0.000400924
0
0
0
0
0
0
0.000296072
0.000331487
0
0
0
0
0
0.000331504
0.000331521
0
0
0
0
0
0.000260727
0
0
0
0.00046431
0
0
0
0
0
0
0
0
0
0.000178547
0
0.00024938
0
0
0
0
0.00045076
0
0
0
0.000579849
0
0
0
0
0
0.000296284
0
0.000260874
0.00104355
0.000331809
0
0.00100349
0.00074883
0.000240324
0
0
0.000551576
0
0
0
0
0
0
0
0
0.00128539
0
0
0
0
0
0
0.00296648
0
0.000593599
0
0
0
0
0
0
0.000249917
0.000225864
0
0.00029686
0
0.000451775
0
0.00120322
0.000296982
0
0
0
0
0
0
0
0
0.000332505
0
0
0
0
0
0
0.000297012
0
0
0
0
0
0
0.000332539
0.000332556
0
0
0.000250109
0.000552593
0
0
0
0
0
0
0
0
0
0.000193847
0
0
0
0
0
0
0
0
0.000332642
0
0.000332659
0.000276367
0.000650826
0.000665556
0
0
0
0
0
0
0
0.000594542
0
0
0
0.000332846
0.00026177
0
0
0
0
0
0
0
0
0
0
0.00268478
0.0010075
0
0.000333239
0.00104832
0
0
0.000201604
0
0.00174596
0.000724341
0
0
0
0
0
0
0
0
0
0
0.00119177
0
0
0.000501811
0
0
0
0
0
0.000298035
0
0
0
0
0
0
0
0
0
0.000233646
0.000265153
0
0
0.00057353
0
0
0
0
0
0
0
0.000667575
0
0.000554639
0
0
0
0
0
0
0
0
0
0
0
0
0
0.000324922
0
0
0
0
0
0
0
0
0
0.000596468
0.000662656
0.000554896
0.000596683
0
0
0
0
0
0.00464692
0
0
0
0
0
0
0
0
0
0
0
0
0
0
0
0
0
0
0
0
0.000468352
0
0
0
0
0.000334475
0
0.000298772
0
0
0
0
0.00301059
0
0
0
0
0
0
0
0
0
0.000211028
0.000242293
0
0
0
0
0
0
0
0.000597914
0.000234381
0
0.00139046
0.00059816
0.000768745
0
0
0
0
0.000195218
0
0
0
0
0
0.000251928
0
0
0
0
0
0
0
0
0.0003298
0
0
0.000335045
0
0
0
0
0
0
0
0
0
0
0.000263499
0.000278364
0
0
0
0
0
0
0
0
0
0
0
0
0
0
0
0
0
0
0
0
0
0
0
0
0
0
0
0
0
0
0
0
0
0
0
0
0
0
0
0
0
0
0.000335097
0.00257937
0
0.00181008
0
0
0
0
0
0
0
0
0
0
0
0
0
0
0
0
0
0
0
0
0
0
0
0
0
0
0.000336086
0
0
0
0
0
0
0.000300211
0.000279229
0
0
0
0
0
0
0
0
0
0
0
0
0
0
0
0
0
0
0
0
0
0
0
0
0
0
0
0
0.000313313
0
0
0
0
0.000264373
0
0.000165481
0
0
0.000169476
0
0
0
0
0
0
0
0
0
0
0
0.000941701
0.000264469
0.000300397
0
0.000793488
0
0
0
0
0
0.000228615
0
0
0
0
0
0.000992471
0
0
0.000200314
0
0
0.000995401
0
0
0
0
0
0
0
0
0
0
0
0
0
0
0
0
0
0
0
0.00237308
0.0021601
0
0
0
0
0
0
0.00019419
0
0
0
0
0.000858903
0.00108428
0
0.000344761
0
0
0
0
0
0
0
0.00034478
0
0
0
0
0
0.000307977
0
0
0
0
0.000344816
0.000344835
0
0
0
0.000241466
0.00178273
0
0.00138216
0
0
0
0
0
0
0
0
0
0
0
0.000860456
0
0.000860593
0
0
0
0
0
0.000345367
0
0.00040991
0
0
0
0
0
0.000197871
0.00120939
0.000668864
0
0
0
0
0
0
0
0
0
0
0
0
0
0.000345587
0
0.000967974
0.000345679
0
0
0
0
0.00411611
0.000862382
0
0
0
0
0
0
0
0
0.00086252
0.00715462
0.000397922
0.000972895
0.000310334
0.00215369
0
0
0
0
0.000522909
0
0
0
0
0
0
0
0
0
0
0.000347697
0
0
0
0.00209197
0
0
0.000310716
0
0
0
0.00130534
0
0
0
0.00183612
0
0
0
0
0
0
0
0.00027392
0
0
0.000311133
0
0
0
0.0006223
0.000215011
0
0.000375205
0.000348444
0
0.000236825
0
0
0
0
0
0
0
0
0
0.00021974
0
0
0
0.000210783
0
0
0
0
0
0
0
0
0.000289529
0
0
0
0
0
0.000199656
0
0
0.000461127
0
0
0
0
0
0
0.00129868
0
0
0
0
0
0
0
0
0
0
0
0
0.000549048
0.000801449
0.000397945
0
0.000381675
0
0
0
0.000274716
0
0
0
0
0
0
0
0.000207304
0.000293833
0
0
0
0
0
0
0
0.000262763
0
0
0
0.000349419
0
0
0.00019383
0
0
0.000247776
0.000349494
0
0
0
0
0
0
0
0.000361345
0.000237565
0
0
0
0.00034957
0.000312256
0
0
0
0
0
0
0
0.000759295
0
0
0
0
0
0
0
0.000525922
0
0
0.000312357
0
0
0
0
0
0.000581054
0
0
0
0
0
0
0
0.00064757
0
0
0
0
0
0
0
0
0
0
0
0
0.000871816
0
0
0
0
0
0
0
0
0
0
0
0
0
0
0
0
0
0
0
0
0
0
0
0
0
0
0
0
0
0
0.000625016
0
0
0
0
0
0
0
0
0
0
0.000349909
0.000475642
0.000625185
0
0
0
0
0
0
0
0
0
0.000273876
0
0.000557555
0
0
0
0
0.000550647
0
0.00130544
0.000200657
0.000394793
0
0
0
0.000957071
0
0
0
0
0
0.00095267
0.000424001
0.000238245
0
0.00035057
0
0
0
0
0
0
0
0
0
0
0
0
0
0
0
0
0.000194469
0
0
0.000432763
0
0.0002637
0.000350665
0
0
0
0
0.00161308
0.000437441
0.000266551
0
0
0
0
0
0
0
0
0
0
0
0.0017633
0
0
0.000143137
0
0.00026674
0.000181032
0
0
0
0.00175139
0.0018714
0
0
0
0
0
0
0
0
0
0.00142958
0.000224948
0
0
0
0
0.00106254
0
0
0
0
0
0
0.00109432
0
0
0
0
0
0
0
0
0
0
0
0
0
0
0
0
0
0
0
0
0.00177841
0
0
0
0
0
0.000468829
0
0
0
0
0
0.000365309
0
0
0
0.000326315
0
0
0
0
0
0
0
0
0.000227945
0
0
0.000365391
0
0
0
0.000688989
0.000489528
0
0.000636971
0.00406637
0
0
0.0022762
0.00121369
0
0
0
0
0
0
0
0
0
0
0
0
0
0
0
0
0
0
0
0
0
0
0
0
0
0
0
0
0.000531473
0.000734212
0
0.000367147
0
0
0
0
0
0
0.000367168
0
0
0
0
0
0
0
0
0.00098393
0
0
0
0
0
0.000656065
0
0
0
0.000828657
0.000915531
0.000367417
0
0
0
0
0
0
0
0
0.000367438
0.000771886
0
0
0.00519241
0
0
0.000257777
0
0
0
0.000328851
0
0
0
0
0
0
0
0.000192848
0.000276908
0.00019287
0
0
0.00027694
0.0013637
0
0
0
0
0
0
0
0
0
0
0
0
0
0
0
0
0
0
0.000622774
0
0
0
0
0
0
0
0
0
0
0.000630604
0
0
0
0
0
0.000751419
0
0
0
0
0
0
0
0
0
0.000658486
0
0.000258128
0
0
0
0
0.000266898
0
0
0.000289945
0
0.000277286
0
0
0
0
0
0
0
0
0
0
0
0
0
0
0
0
0
0
0
0
0
0
0
0
0.000475849
0.00044609
0
0.000887397
0
0
0.000554886
0
0.000368963
0
0.000580352
0
0
0
0.000267156
0.0011388
0.00092127
0
0
0
0
0
0
0
0
0
0.000258598
0
0
0
0
0.00036934
0
0
0
0
0
0
0.000409764
0
0
0
0
0
0
0
0
0
0
0
0
0
0
0
0
0
0
0
0.00026743
0
0
0
0
0
0
0
0
0
0
0
0.000446877
0
0
0
0
0
0
0
0
0
0
0
0
0
0
0
0
0.000267476
0
0
0
0.00066006
0
0.000920951
0.000330124
0.000614107
0.0023852
0
0
0
0
0
0
0
0
0
0
0.0023899
0
0
0.000219633
0
0
0.000503116
0.000582238
0
0
0
0
0
0.000636237
0
0
0
0.000370288
0
0
0
0.00037031
0
0
0
0
0
0
0
0
0
0
0
0
0
0
0
0
0
0
0
0
0
0
0.000185223
0
0.000607073
0
0
0.000448101
0
0
0
0
0
0
0
0.000251788
0
0
0
0
0
0
0
0.000661868
0
0
0
0
0
0
0
0.000448229
0
0.000239119
0.000291451
0
0
0
0.000291468
0
0
0.000370648
0.00165225
0.000371284
0
0
0
0.000504699
0
0.000999778
0
0.000152347
0.0003086
0.00215818
0.000372669
0
0
0.00827044
0
0
0
0
0
0.000632136
0
0.000310698
0
0
0
0
0
0
0.000588276
0
0.000281312
0
0
0
0.00481327
0.00160524
0.000374908
0
0
0
0
0
0.000262526
0
0
0
0
0
0
0
0
0
0
0
0
0
0
0
0.00066982
0
0
0.000669897
0
0
0
0
0
0
0
0
0
0
0
0
0
0
0
0
0
0
0.000574224
0
0
0
0
0.000623226
0
0.000943418
0
0
0.00100566
0
0
0
0
0.00236691
0
0
0
0.000715091
0
0
0.000248497
0
0
0
0
0
0
0
0
0
0
0
0
0
0
0.000335569
0.00190244
0
0
0
0
0
0
0.00100758
0
0
0
0
0.00100776
0
0
0
0.000752292
0
0
0
0
0
0
0.000672032
0
0.00408356
0.000877934
0
0
0
0
0.000376866
0
0
0
0
0.000164161
0
0
0.000747958
0
0
0
0
0.00102983
0
0
0
0
0
0
0.00118889
0.000223832
0
0.000283682
0
0
0
0
0
0
0
0
0
0
0
0
0
0
0.000940163
0
0
0
0
0
0
0
0
0
0
0
0
0
0
0
0
0
0
0
0
0.000674024
0
0
0
0
0
0
0
0
0
0
0.000626957
0
0
0
0
0
0
0
0
0
0
0
0
0
0
0.000377392
0
0
0
0
0
0
0
0
0
0.000313533
0.000425369
0.00231185
0
0
0.000755487
0
0
0
0.000243767
0
0.00089135
0
0.000466419
0
0
0
0
0
0.00228576
0.000731983
0.00113462
0.000378272
0
0
0
0
0
0
0
0
0
0.000700404
0
0
0.00198176
0
0
0.000824804
0
0
0
0
0
0
0
0
0
0
0.000414022
0
0
0.000195881
0
0
0.000773631
0.0004082
0.0010388
0.000298227
0
0
0
0
0.000379244
0
0
0
0
0
0
0
0
0
0
0
0
0
0
0
0
0
0.000630144
0
0
0
0
0
0
0
0
0
0
0
0
0
0
0
0
0
0.000621722
0
0
0
0
0
0
0
0
0
0
0
0
0.00026564
0
0
0
0
0
0
0
0.00114129
0
0.000298436
0
0.00037951
0
0
0
0
0.000379532
0
0
0
0
0
0
0
0
0
0
0
0.000379554
0
0
0
0
0
0
0
0.000339041
0
0
0
0
0
0
0
0
0
0
0
0
0
0
0
0
0
0
0
0
0
0
0
0
0
0
0
0
0
0
0
0
0.000379599
0
0
0
0
0
0
0
0
0
0
0
0.000339081
0
0
0
0
0
0
0
0
0
0
0.00054212
0
0
0.000801034
0
0
0
0
0
0
0
0
0
0
0
0
0.000428132
0.000571448
0.000571515
0
0
0
0
0
0
0.000490417
0
0
0
0
0
0.000785864
0
0
0
0
0
0
0
0
0
0
0
0.000339558
0
0
0.00201064
0.000221729
0
0
0
0.00064554
0
0
0
0
0
0
0
0
0
0
0
0
0
0
0
0
0
0
0
0
0
0
0
0
0
0
0
0
0
0
0
0
0
0
0
0
0
0
0
0
0
0
0
0
0
0.000994609
0
0
0
0
0
0
0
0.00110433
0
0
0
0
0
0
0
0
0
0
0
0.000380958
0
0
0
0.00129775
0
0.000181418
0
0
0.000316644
0.000518123
0.000299803
0
0
0
0
0
0
0
0
0
0
0
0
0
0.00538422
0.000760264
0.000917048
0
0.000240784
0
0
0
0
0
0
0.00027646
0
0
0
0
0
0.000300332
0
0
0
0
0
0.000317278
0.000381944
0
0.000574508
0
0.000645788
0
0
0
0
0
0
0
0.000574677
0
0
0
0
0
0
0
0
0
0
0
0
0
0
0
0.000382124
0
0
0
0
0.000231133
0.000287406
0
0
0
0
0
0
0
0
0
0
0
0
0
0
0
0
0
0
0
0
0
0
0
0
0
0
0
0
0
0
0
0
0
0
0
0.000382191
0
0
0
0
0.000382214
0
0
0
0
0
0
0
0.00022276
0.000682874
0
0.000382304
0
0.00239717
0
0
0
0
0
0
0
0
0
0
0
0
0
0
0
0
0
0
0.000383071
0
0
0
0
0
0
0.000766186
0
0.00141875
0
0
0
0
0
0
0
0
0
0
0.000301414
0
0.000832464
0
0
0
0
0
0
0.00227982
0.000443861
0.000447496
0.00111103
0
0
0
0
0
0.00020989
0
0
0
0
0
0
0
0
0.000319155
0
0
0
0
0
0
0
0
0
0
0.000319174
0
0
0
0
0
0
0
0
0
0
0
0
0
0
0
0
0
0.000991689
0
0
0
0
0
0
0
0
0
0.000228058
0
0
0.000414232
0.000210026
0
0.000384432
0
0
0
0
0
0.000556652
0.00163318
0.000556982
0.000958828
0
0
0
0
0
0
0
0.000384796
0
0
0
0
0
0
0
0
0
0.000687448
0.00068753
0
0
0.00198691
0
0
0
0
0
0
0
0
0
0
0
0
0
0
0
0
0
0.000319913
0
0
0.00223044
0
0
0
0
0
0
0
0
0
0
0.000673635
0
0
0
0
0
0.00242448
0.00523482
0
0
0
0
0
0
0
0
0
0
0
0.000187862
0
0.000386078
0
0
0.000344869
0
0
0
0
0.00060731
0
0.000386169
0
0.000641652
0.000961807
0
0
0
0
0
0
0
0
0
0
0
0
0
0
0.000839102
0.00145303
0
0
0
0
0
0
0
0
0
0
0
0
0.000279834
0
0
0
0
0
0
0
0
0.000290709
0
0.00145363
0
0.000386698
0
0
0
0
0
0
0
0
0
0
0
0
0.000386722
0
0
0
0
0.000386745
0
0.000386768
0
0
0
0
0
0
0
0
0
0
0
0.0030732
0
0
0
0
0
0.000400434
0
0
0
0
0.000387368
0.000387391
0
0.000692084
0.00121882
0
0
0.000387553
0
0
0
0
0
0.00064395
0
0
0
0
0
0
0.000630774
0
0
0
0
0
0
0
0
0
0
0
0
0
0
0
0
0
0
0
0
0.000914719
0
0
0
0
0
0
0
0.00277098
0
0
0
0
0
0
0
0
0
0
0
0
0
0
0
0
0
0.00213575
0.00211028
0.000584061
0
0
0
0
0
0
0
0
0
0
0
0
0
0.000921838
0.000477961
0
0
0.000347036
0
0
0
0.000694113
0
0
0
0
0
0.000431103
0
0
0
0
0
0
0
0
0
0
0
0
0
0
0
0.00193717
0
0
0
0
0
0
0
0
0.000347264
0
0.000264244
0
0
0
0
0
0
0
0
0
0
0.000347306
0
0
0
0
0
0
0
0
0
0
0
0
0
0
0
0
0
0
0
0.00028151
0.000388876
0
0
0
0
0
0
0
0
0.000388899
0
0
0
0
0
0
0
0
0
0
0
0
0
0.000347389
0
0
0
0
0
0
0
0
0
0
0
0
0
0
0
0
0
0
0.000388946
0
0
0
0
0
0
0
0
0
0
0
0
0
0
0
0
0.000152183
0
0
0
0
0
0
0
0.000694903
0
0
0.000778078
0
0
0
0
0
0
0
0
0
0
0.00382288
0
0
0
0
0
0
0
0
0
0
0
0
0
0
0
0
0
0
0
0
0.0010684
0
0
0
0
0
0
0
0
0
0
0
0
0
0.000257775
0
0
0
0
0
0
0
0
0
0.000389716
0.000971318
0
0
0
0.00038981
0.000348203
0.00097161
0.00183988
0
0
0.00064809
0
0.000405506
0
0
0.000348537
0
0
0
0.00142083
0.00324448
0
0
0
0
0
0
0
0
0
0
0.000328739
0
0
0.000390913
0
0
0
0
0
0
0
0
0
0
0
0
0
0
0
0
0
0
0
0.00051084
0
0.000307495
0.000236506
0
0
0
0
0
0
0.000531543
0
0
0
0
0
0.000349335
0
0
0
0
0
0
0
0.0107995
0
0.00170396
0
0
0
0.000392425
0
0
0
0
0
0
0
0
0
0
0
0
0
0
0.000237364
0
0
0
0
0
0.000390932
0
0
0
0
0
0
0
0
0
0.00039252
0.00116726
0
0
0
0.000163833
0
0
0
0.000152577
0
0.00283354
0.00165216
0
0
0
0.00118341
0
0
0
0
0
0
0
0
0
0
0
0
0
0.000786991
0
0.000393543
0
0
0
0
0.000703076
0
0
0
0
0
0.00123818
0
0
0
0
0
0
0
0
0
0
0
0
0
0
0
0
0
0.000703331
0
0
0
0
0
0
0
0
0
0
0
0
0
0
0
0
0.000285061
0
0
0
0.00059228
0
0
0
0.000296176
0.000309734
0
0.00123425
0.000686744
0.000521592
0
0
0
0
0
0
0.000394308
0
0
0
0
0
0
0
0
0
0
0
0
0
0
0
0
0
0
0
0
0
0
0
0
0
0
0
0
0
0.000222205
0
0
0
0
0
0.000982823
0
0
0
0
0
0
0
0
0
0
0
0
0
0
0
0.000620371
0
0
0.000285581
0
0.000352371
0
0
0.000327747
0
0.000452024
0
0
0.000394596
0
0
0
0
0
0.000327827
0.000394644
0
0
0
0.000394668
0
0
0
0.000522163
0
0
0
0
0
0
0
0
0
0
0.000285772
0
0
0
0
0
0.000394764
0
0
0
0
0.000394788
0
0
0
0
0
0
0
0
0
0.00314407
0
0
0
0
0
0
0
0
0
0
0
0
0
0
0.000310695
0.000352907
0
0
0
0
0
0
0
0
0
0
0
0
0
0
0
0
0
0
0
0
0
0
0
0
0
0
0
0
0
0
0.000395124
0
0
0
0
0
0
0
0
0
0
0
0.000395148
0.000705943
0
0
0
0
0
0
0
0
0
0
0.000160785
0
0
0.000324208
0
0
0
0.000395292
0
0
0
0.00255947
0
0
0.00039563
0.000657372
0
0
0
0.000297584
0.000414543
0
0
0
0
0
0.00119055
0
0
0
0
0.000277189
0
0
0
0
0
0
0
0
0
0
0
0
0
0
0
0
0
0
0
0.000986659
0
0
0
0
0
0
0
0
0
0
0
0
0
0
0
0
0
0
0
0
0
0
0
0
0.00176841
0
0
0
0
0
0
0
0
0.000284595
0.00157235
0
0
0
0.000396427
0
0.000708228
0
0
0
0
0
0
0
0
0.000239814
0
0
0
0
0
0
0
0.000269489
0
0
0
0
0
0
0
0
0
0
0
0
0
0
0
0
0
0.000365861
0
0
0
0
0
0
0
0
0
0
0
0.00106273
0
0
0
0
0.000396669
0
0
0
0
0
0
0
0
0
0
0
0
0
0.00120951
0
0
0
0
0
0.00143655
0.00143699
0
0.0034836
0
0.00236673
0
0
0
0
0
0
0
0
0
0
0
0
0
0
0
0
0
0
0
0
0
0
0
0
0
0
0
0
0
0
0
0
0
0
0.000398251
0
0
0
0
0
0
0
0
0
0
0
0.000992591
0
0
0
0
0
0
0
0
0
0
0
0.000661849
0
0
0
0
0
0
0
0
0
0
0
0
0
0
0
0
0
0
0
0
0
0
0
0
0
0
0
0
0
0
0
0
0
0
0
0
0.00079744
0
0
0
0
0
0.000331107
0.000398593
0.00543984
0.000600992
0
0
0
0
0
0
0.000289308
0
0
0
0
0
0
0
0
0.000289326
0
0
0
0
0
0
0
0
0.00142797
0
0
0
0
0
0
0
0
0
0
0
0
0
0
0
0
0
0
0
0
0
0
0
0
0
0
0
0.000399771
0
0
0.000740214
0
0
0
0
0
0
0
0.000314465
0.000314485
0
0
0
0
0
0.000399919
0
0.000399944
0
0
0
0
0
0
0
0
0
0.0011999
0.00028011
0.000943861
0
0
0
0
0
0
0
0
0
0
0.000258191
0
0
0.00221519
0
0
0
0
0
0
0
0
0
0.0004588
0
0
0.000944909
0
0
0
0
0
0
0
0
0
0
0
0
0
0
0
0
0
0
0
0
0
0
0
0
0
0
0
0
0
0
0
0
0
0
0
0
0
0
0.000533195
0
0
0
0
0
0
0
0
0
0
0
0
0
0.000332844
0.00071579
0
0.000715878
0.00133179
0
0
0
0
0
0
0
0
0.00391949
0.00101203
0
0.000588065
0
0
0
0
0
0
0
0
0
0
0
0
0
0
0.000337447
0.0014222
0
0
0
0
0.00405029
0
0
0.00215881
0
0.000609772
0.000339103
0
0
0
0
0
0.00200085
0
0.000408398
0
0
0
0
0
0
0
0
0
0.000408424
0
0
0.000857991
0
0
0
0
0
0
0
0.000408527
0
0.000286069
0.000339423
0
0
0.000729938
0.00169743
0
0
0
0
0.00121288
0
0
0
0
0
0
0
0
0
0
0
0.000286321
0
0
0
0
0.000365268
0.000321617
0
0
0
0
0
0
0
0
0.000296089
0.000922789
0
0.000296163
0
0.000409119
0
0
0
0.000196886
0
0
0
0
0
0
0
0
0
0
0
0
0
0.000757571
0
0
0
0.000505143
0
0
0
0
0
0
0
0
0
0
0
0
0
0
0
0
0
0
0
0
0
0
0
0
0
0
0
0
0
0
0
0
0
0
0
0.000409299
0
0
0.000409325
0
0
0
0
0
0.000643224
0
0
0
0
0.000731411
0
0
0
0
0.00153973
0
0
0.000409609
0
0
0
0
0
0.0010209
0
0
0
0
0
0
0
0
0
0.00128882
0
0.000732103
0.00215766
0.000410049
0.00222959
0
0
0
0
0
0
0
0.000681676
0
0
0
0
0
0.000733028
0
0
0
0
0
0.000340924
0
0
0
0
0
0.000410412
0
0
0
0
0
0
0
0
0
0
0
0
0
0
0
0.000733214
0
0
0
0
0
0
0
0
0
0
0.000341011
0
0
0
0
0
0
0
0
0
0
0
0
0.000278998
0.000410542
0.00102323
0.00129176
0.00102368
0.00204775
0.000410983
0
0
0.00123638
0
0
0
0
0
0.000411113
0
0
0.00034155
0
0
0
0
0.00050751
0
0.000734607
0.000544095
0
0
0
0
0
0
0
0
0
0.000367397
0
0
0
0.00063791
0
0
0
0
0
0
0.00207923
0
0
0.000342309
0
0
0
0
0
0
0
0
0
0
0
0.0006198
0.000309939
0
0
0.00155351
0
0
0
0
0
0
0
0.000410723
0
0
0
0
0
0
0
0
0
0
0.000412393
0.000631459
0.000597256
0
0
0
0
0.000368494
0
0.000368517
0
0
0
0
0.000412603
0
0
0
0
0
0
0
0
0.000737128
0
0
0.000368611
0
0
0.000412708
0
0
0
0
0
0
0
0
0
0
0
0.000368658
0.000298818
0
0
0.000342919
0
0
0
0
0
0
0
0.00186808
0.000891672
0.000310788
0.000310807
0
0
0.000310827
0
0
0
0
0
0
0
0
0
0
0
0
0
0
0
0
0
0
0
0.000413338
0
0
0
0
0
0
0
0
0
0
0
0
0
0.000413365
0
0
0
0
0
0
0
0
0
0
0
0
0.00147698
0
0
0.000369339
0
0.000738725
0
0
0
0
0
0
0.000413575
0
0
0
0
0
0
0
0
0
0
0
0
0
0
0
0
0
0
0
0.000413602
0
0
0
0
0
0
0
0
0
0
0
0
0
0
0.000369456
0
0
0
0.000843394
0
0
0
0.000273677
0
0
0
0
0
0.000650777
0.000739242
0
0
0
0
0.000650943
0
0
0
0
0.00116958
0
0
0
0
0
0.000369857
0
0
0
0
0
0
0
0.000369881
0
0
0
0.000311442
0.000267234
0
0.000344078
0
0
0.0003441
0
0.00140763
0
0.00044624
0
0
0
0
0
0.000370164
0
0
0
0.000414446
0.00111063
0
0.000459898
0
0
0
0
0.000370329
0
0
0
0
0.000414632
0
0
0.00836828
0
0
0
0
0
0
0.000415747
0
0
0
0
0
0
0.000415773
0
0
0
0.000312698
0.000503008
0
0
0
0
0
0
0
0
0
0
0
0
0
0
0
0
0
0
0
0.00041588
0
0
0.000553589
0.000415987
0
0
0
0
0
0
0
0
0
0
0
0.000416013
0
0
0
0
0.00103602
0
0
0.000629355
0
0
0
0
0
0
0
0
0
0
0.000416253
0
0
0.000505107
0
0.000333445
0.000564995
0
0
0
0
0
0
0
0.00116743
0.000603351
0
0
0
0
0.00134458
0.000744749
0.0022268
0
0
0
0
0
0
0
0
0
0
0
0
0
0
0
0
0.00020535
0.00110392
0.00056725
0.000526368
0
0.000346777
0
0
0
0
0
0
0
0.000745755
0
0
0.000470534
0.000205535
0
0
0
0
0.000346911
0.000417619
0
0
0
0.00126302
0
0
0
0
0
0
0
0
0
0
0
0
0
0
0
0
0
0
0.000373165
0
0
0
0
0
0.000373189
0
0
0
0
0.000314228
0
0
0.000302511
0
0
0
0
0
0
0
0
0
0
0.000417888
0.000347179
0
0.000347201
0
0
0.000417968
0.000657439
0
0.000347291
0.000510249
0
0
0
0
0
0.000578696
0.0011103
0
0
0
0
0
0
0
0
0
0
0
0
0
0
0.000658032
0.000276782
0
0
0
0
0.00030294
0
0
0
0
0
0
0
0
0
0
0.000695298
0
0
0.000658287
0
0
0
0
0
0
0.000747774
0.00074787
0
0
0.000329271
0
0
0.000303135
0
0
0
0
0
0
0
0
0
0.0008375
0
0
0
0
0
0
0
0
0
0
0
0
0
0
0
0
0
0
0
0
0
0
0
0
0
0
0
0
0.000695836
0
0
0
0
0.000629996
0
0
0
0
0
0
0
0
0
0
0
0
0
0
0
0
0
0
0
0
0
0.000418912
0
0
0.000418939
0
0.000374225
0
0
0
0
0
0
0
0
0
0
0
0
0.000986602
0.00174012
0
0
0
0
0
0
0
0
0
0
0
0
0
0
0
0
0
0
0
0.000374587
0
0
0.000561696
0
0.000270687
0
0
0.00298748
0
0
0
0
0.000458792
0
0.000489437
0.000264818
0
0
0
0
0
0
0
0
0
0.000419996
0
0
0.00198189
0.000947992
0.000698268
0.000375436
0
0
0
0
0
0
0.00301441
0
0
0
0
0
0
0
0
0
0
0
0
0
0
0
0.00149916
0
0
0
0.000421223
0
0
0
0
0
0
0
0
0
0
0
0
0
0
0
0.00130141
0
0
0.000509866
0
0.000544011
0
0
0
0
0
0
0
0
0
0.000561174
0
0
0
0
0
0
0
0
0
0
0
0
0
0
0
0
0
0
0
0
0.00210188
0
0
0
0
0
0
0
0
0.00392853
0.00211216
0
0
0
0
0
0
0
0.00138777
0
0
0.000919787
0.000637108
0
0
0
0.000423641
0
0
0
0
0.00119368
0.000423807
0
0.00305627
0
0.000424195
0
0
0
0
0
0
0
0.000424223
0
0
0.00266911
0
0
0
0
0
0
0
0.000424472
0
0
0
0
0
0
0
0.00289109
0
0.00628174
0
0.0030208
0.000309973
0.000428196
0
0
0.000299843
0
0
0
0
0
0
0.000856506
0
0
0
0
0
0
0
0
0
0
0
0
0
0
0
0
0
0
0
0
0
0.000552733
0.000765241
0
0.000824652
0
0
0
0
0
0
0.000310239
0
0
0
0
0
0
0
0
0
0
0
0
0.00155525
0
0
0
0
0
0
0
0
0
0
0.000356167
0
0
0
0
0
0.00035619
0
0
0
0
0
0.000322468
0.000951292
0
0.000875714
0.00228446
0
0
0.00281904
0
0
0.000194482
0.000430069
0
0.000439017
0.000973275
0
0
0
0.000584923
0
0.00061533
0
0.00233806
0
0
0
0
0.00098786
0
0
0
0
0
0
0
0
0
0
0
0
0
0.00043124
0.000770426
0.00522648
0.0016347
0.000432245
0
0
0.00832296
0
0
0
0
0.00340908
0
0
0.00521606
0.00276497
0.000388569
0
0.00161099
0.00144625
0
0
0.00194271
0.000432372
0
0
0
0
0
0.000342732
0
0.000435843
0
0
0
0
0
0
0
0.000389325
0
0
0
0
0
0.00108636
0.000610561
0
0
0
0
0.000219803
0.000342939
0
0
0
0
0.00284907
0
0
0
0
0
0
0
0
0
0.00621582
0
0
0
0
0
0
0.00109157
0.000344513
0
0.000363954
0
0
0
0
0
0
0
0
0
0
0
0
0
0
0
0.000438137
0
0
0
0
0
0
0
0
0
0
0
0
0
0.000438167
0
0
0
0
0
0
0
0
0
0
0
0
0.00109208
0
0
0.000876571
0
0
0
0
0
0
0
0
0
0
0
0
0
0
0
0
0.000438344
0
0
0
0
0
0
0
0.000438374
0
0
0
0
0
0
0.000438404
0
0
0
0
0
0
0
0
0
0
0
0
0
0
0
0
0
0
0
0
0.00838401
0
0
0
0
0
0
0
0
0
0
0
0
0
0
0
0
0
0
0
0
0
0
0
0
0
0
0
0
0
0
0
0
0
0
0
0.000330501
0
0
0
0
0
0
0
0
0
0
0
0
0
0
0
0
0
0
0
0.000224308
0
0
0
0
0
0
0
0
0
0
0
0
0
0
0
0
0
0
0
0.000330545
0
0
0
0
0
0
0
0
0
0
0
0
0
0
0
0
0
0
0
0
0
0
0
0
0
0
0
0
0
0
0
0
0
0
0
0
0
0
0
0
0
0
0
0
0
0
0
0
0
0
0
0
0
0
0
0
0
0
0.00149691
0
0
0
0
0
0
0
0
0
0
0
0
0
0
0
0
0
0
0
0
0
0
0
0
0
0
0
0
0
0
0
0
0
0
0
0
0
0
0
0
0
0
0
0
0
0
0
0
0
0
0
0
0
0
0
0
0
0
0
0
0
0
0
0
0
0
0
0
0
0
0
0
0
0
0
0
0
0
0
0
0
0
0
0
0
0
0
0
0
0
0
0
0
0
0
0
0
0
0
0
0
0
0
0
0
0
0
0
0
0
0
0
0
0
0
0
0
0
0
0
0
0
0
0.00122251
0
0
0
0
0
0
0
0
0
0.000409226
0
0
0
0
0
0
0
0
0
0
0
0
0
0
0
0
0
0.000440031
0
0
0.000492678
0
0
0
0
0
0
0
0
0
0
0.000304084
0.000325947
0
0.000764209
0
0
0
0
0.00025817
0.000387657
0.000370739
0.00176146
0
0.000493164
0
0
0
0.00122917
0
0
0
0
0
0
0
0.000493314
0
0
0
0
0
0
0
0.000834008
0
0.00205874
0
0
0
0
0
0
0
0
0
0
0
0
0
0
0
0
0
0
0
0
0
0
0
0
0
0
0
0
0
0
0.0021583
0
0
0.00123207
0
0
0
0.000235368
0.00111569
0
0
0.00049463
0
0
0
0
0.000883683
0
0
0
0
0
0
0
0
0
0
0
0
0
0
0
0
0
0
0
0
0
0
0
0
0
0.00452347
0
0.00049546
0
0
0
0
0
0
0
0
0.000389669
0
0
0
0.000495536
0
0
0
0
0
0
0
0
0.000495574
0
0
0
0.00182711
0
0
0
0
0
0
0
0
0
0
0.000521285
0
0
0
0
0
0
0.000784117
0
0
0
0.00052141
0
0
0
0
0
0
0.000521452
0
0
0
0
0
0.000486082
0
0
0
0
0
0
0
0
0
0
0
0
0
0.00119779
0
0
0
0
0
0
0.000299894
0.000327028
0
0
0
0
0.00110251
0
0
0
0.003787
0
0.0022516
0
0
0
0
0
0
0
0
0
0
0
0
0
0
0
0
0
0
0
0
0
0
0
0.000452115
0
0
0
0
0
0
0
0.00243077
0
0
0.00078607
0
0
0
0.000218076
0
0
0
0
0.000381391
0
0.000819323
0
0.000486643
0
0
0
0
0
0
0.00134509
0
0.00157837
0.000545237
0.000545282
0.000545328
0.000545374
0
0
0
0
0
0
0
0
0
0
0
0.00114271
0
0
0.0019971
0.000546154
0
0
0.00286086
0
0
0
0
0
0
0
0
0
0
0
0
0.000975429
0.000382933
0
0
0
0.000616395
0
0
0
0
0
0
0
0
0
0.00076606
0
0
0
0
0
0
0
0
0
0
0
0
0
0
0
0
0
0
0
0
0
0
0
0
0
0
0
0.000396088
0.000977469
0
0
0.000488817
0
0
0
0
0
0.000749875
0
0
0.00086104
0
0
0
0.000823538
0
0.00086133
0.000690747
0
0.000823955
0
0
0
0
0
0
0.000547905
0
0
0
0
0.00188333
0
0
0
0
0
0
0.00101504
0
0
0.000958736
0.00132701
0.00149892
0.000332005
0
0
0
0
0
0
0
0
0
0
0
0
0.000582944
0.00136727
0.000291645
0
0
0
0
0.000239277
0
0
0.0004564
0.00156916
0
0
0
0
0
0
0
0.00206704
0
0
0
0
0
0
0
0
0
0
0
0
0
0.00137381
0.000688367
0
0
0
0.000491635
0
0.000653298
0.000457367
0
0
0
0
0
0
0
0.000491801
0.00196737
0
0
0.00244394
0
0
0.00132446
0
0
0.000458222
0.00029703
0.000257107
0.000414918
0
0
0
0.00124486
0
0
0
0
0
0
0
0.000799112
0
0.00494436
0.00191156
0
0.00105693
0
0
0
0
0
0.00138396
0
0
0.000555452
0
0
0
0
0
0
0
0
0
0
0
0
0
0
0
0
0.000461477
0.000417794
0
0.000804447
0
0
0.000496348
0
0
0
0
0
0
0
0
0
0
0
0
0.000555738
0
0
0
0
0
0
0
0
0
0
0
0
0.000555785
0
0
0
0
0
0
0
0
0
0.0043343
0.000557983
0
0
0
0
0
0
0
0
0
0.000738255
0
0
0
0.00243912
0
0
0
0
0
0
0
0
0
0.000268833
0.000360503
0
0
0
0
0
0
0
0
0
0
0
0
0
0
0.000558751
0.00117074
0
0
0.00215454
0
0
0.00117523
0
0
0.000880189
0
0
0
0.00139493
0
0
0.00132085
0
0
0
0
0
0
0
0
0
0
0
0
0
0.000285809
0
0
0
0
0
0
0
0
0.00114334
0
0.000500417
0.00100092
0
0.00168117
0
0
0
0
0.00304765
0
0
0.00364021
0.00187831
0
0
0
0
0
0.00170258
0
0
0
0
0
0
0
0
0
0.0011276
0
0
0.00112779
0
0
0
0
0
0
0
0
0
0
0.000563993
0
0.000564042
0
0.000564091
0.000468655
0
0.000308252
0
0
0
0.00383473
0.00112946
0.0018769
0.00234694
0
0
0
0
0
0
0
0
0
0
0.00294226
0
0
0
0
0
0
0
0
0
0
0.00056596
0
0
0
0.0038132
0.000958004
0
0.00024043
0
0
0
0
0
0
0.000296928
0
0
0.00122367
0.00075038
0
0.00253309
0.00109932
0
0
0
0
0
0
0
0
0.000399595
0.00134651
0.000377632
0
0.000948602
0
0
0
0.000571038
0
0
0
0
0
0
0
0
0
0.000480316
0
0
0.000737119
0
0
0
0
0
0
0
0.00153084
0
0
0
0
0
0
0.00057144
0
0
0
0
0
0
0
0
0
0.000776802
0
0
0
0.000571591
0
0
0
0
0
0
0
0
0
0
0
0
0
0
0
0
0
0
0
0
0
0
0
0
0
0
0
0.00151252
0.00307914
0
0.00102245
0
0
0
0
0.00462056
0
0.00120461
0
0.000573611
0
0
0
0
0
0
0
0
0
0
0
0.0010248
0
0.000296593
0.0012359
0.000476859
0.000379735
0.000708645
0
0
0.00143108
0.0015391
0.000574524
0.00102643
0.000207851
0
0
0
0
0
0
0
0
0
0
0
0.0010267
0
0
0.00028976
0
0
0
0
0
0
0
0
0.000513489
0
0
0
0
0
0
0
0
0
0
0
0
0
0
0.000574931
0
0
0
0
0
0
0
0
0
0
0
0
0
0
0
0
0
0
0
0
0.000594447
0
0
0
0
0
0
0.000367141
0
0.000235905
0
0
0
0
0
0
0
0.00696239
0
0
0
0
0.00115055
0
0
0
0
0
0.0011465
0
0.000836742
0
0
0
0
0
0
0
0
0
0
0
0.000578002
0
0.00404754
0.00109448
0
0
0
0
0.000516921
0
0
0
0
0
0
0.00035006
0
0
0
0
0
0
0
0
0
0
0
0
0
0
0
0
0
0
0
0
0.000578827
0
0.000303202
0
0
0
0
0
0.000978678
0
0
0
0
0.00206898
0.00107687
0.00118164
0.0010356
0.00146135
0
0
0
0.00275962
0.00136939
0
0
0
0
0.000482317
0
0
0
0
0
0
0
0
0
0
0
0
0
0
0
0
0
0
0
0
0
0
0
0
0
0
0
0
0
0
0
0
0
0
0
0.00196313
0
0
0
0
0.000913741
0
0
0
0
0
0
0
0
0
0
0
0
0
0
0
0
0
0
0
0
0
0
0
0
0
0
0
0.00103801
0
0.00326332
0
0.00132924
0
0.000489794
0
0
0
0.000582462
0
0
0
0
0.000520307
0
0
0
0
0
0
0
0
0.000582566
0.0010408
0
0
0
0.00104099
0
0
0
0
0.00141004
0
0
0
0
0
0
0.000876934
0
0
0.000309615
0
0
0
0
0
0
0.000583194
0
0.00037634
0
0.000583299
0
0
0
0
0
0
0
0
0
0
0.000583351
0
0
0
0
0
0
0
0
0
0
0
0.0100131
0
0
0
0
0
0
0
0
0
0
0
0
0
0.00264434
0
0
0
0
0
0
0
0
0
0
0.00438398
0
0
0
0
0
0
0.000299501
0
0
0
0
0
0
0.000552774
0.0011107
0.000599544
0
0
0
0.000710635
0.00181314
0
0
0
0
0.00044208
0
0
0
0
0
0
0
0.00105022
0.000588
0
0.000525255
0.000462498
0
0
0.0010507
0.00210178
0
0
0
0
0
0
0
0.000742151
0
0
0
0
0
0.000643163
0.000925919
0.000442801
0
0
0
0
0.00146755
0
0
0
0
0.000824856
0.0059152
0
0
0
0
0
0
0
0
0
0
0
0
0
0.00115626
0
0.00199916
0.000734025
0
0
0
0
0
0
0
0
0
0.000200378
0
0
0.000649999
0
0
0
0
0
0
0
0
0
0
0
0
0.000531417
0.000362989
0
0.0017902
0.000494568
0
0
0
0.00093645
0.000531904
0.000595552
0
0
0
0
0.000417045
0
0
0
0
0
0
0
0
0
0.000595661
0
0
0
0
0
0
0
0
0
0.000595716
0
0
0
0
0
0
0.000694408
0
0
0
0
0
0.00100733
0
0
0
0
0
0
0
0
0
0
0
0
0
0
0
0
0.00106478
0
0
0
0
0
0
0
0.000242529
0
0
0
0
0
0
0
0
0
0
0
0
0
0
0
0
0
0
0.000808891
0
0
0.00162743
0
0.00190422
0
0
0.00106704
0
0
0
0
0
0
0.0012975
0
0
0
0
0.00120491
0
0
0.000175522
0.00165813
0.00196252
0.00112756
0
0.000619405
0
0
0
0.00107009
0
0
0.00184878
0.00277545
0
0.000815267
0.00107167
0.0016078
0.00666729
0
0
0
0
0
0
0.000904218
0
0
0
0
0
0
0
0
0
0
0.00225932
0
0.00417858
0
0
0
0
0
0
0
0
0
0
0
0
0
0
0
0.000535344
0.000774536
0
0
0
0
0
0
0
0
0
0
0
0
0
0
0
0.00419999
0
0
0
0.00248188
0
0.0030536
0
0
0.00317475
0
0
0
0
0
0
0
0
0
0
0
0
0
0
0
0
0
0
0
0
0
0.00135398
0
0
0.000313933
0
0
0.000391901
0
0
0
0.000456804
0
0
0.000825718
0
0
0
0
0
0
0
0
0
0
0
0
0
0
0
0
0
0
0.000955642
0.000607704
0
0
0
0
0
0
0
0
0
0
0
0
0
0
0
0.000413052
0
0
0
0.00111038
0
0.00108622
0.000478268
0
0.00211221
0.00403672
0
0
0
0
0
0
0
0
0
0
0
0
0
0
0
0
0
0
0.00309424
0
0
0.00231583
0
0
0
0
0.000547006
0
0
0
0
0
0.00118636
0
0
0
0
0
0
0
0
0
0
0
0
0
0
0
0
0
0
0.00101846
0
0
0
0
0
0
0
0
0
0
0
0
0.000613099
0
0.00133169
0
0
0
0.000613331
0
0
0
0
0.000547885
0
0
0.000335164
0.00092276
0
0
0.000405899
0
0
0
0
0
0
0
0
0
0
0
0
0
0
0.000965217
0
0
0
0
0.00037881
0
0
0
0.00144544
0
0
0
0
0
0
0.000661382
0
0
0
0
0
0
0
0
0
0
0
0
0
0
0
0
0
0
0
0.000461948
0.000614317
0
0
0
0
0
0
0
0
0
0
0
0
0
0
0
0
0
0
0
0
0
0.00476042
0
0
0.0117787
0
0
0
0
0
0.002018
0
0
0
0
0.000552057
0
0.00318674
0
0
0.000367113
0
0
0
0.00195068
0
0
0
0
0
0
0
0
0
0
0
0
0
0
0
0
0
0
0
0
0
0
0.00123801
0
0
0
0
0
0
0
0
0
0
0
0
0
0
0
0
0
0
0
0
0.00177747
0.000433799
0
0
0.000333626
0
0
0
0
0
0
0
0.00142925
0
0
0
0
0
0.00110749
0
0
0
0
0
0
0.000620067
0
0
0
0
0
0
0
0
0
0
0
0
0
0
0
0
0
0
0
0
0
0
0
0
0
0
0
0
0
0
0.000932719
0
0
0.000554008
0
0
0
0
0
0
0
0
0
0
0.000449069
0
0.00257691
0.000554485
0
0.000976477
0
0
0
0
0
0
0
0
0
0
0
0
0
0
0
0
0
0
0
0
0
0
0
0
0
0
0
0
0
0
0.00108565
0.001032
0
0
0
0.000766826
0
0
0.000621372
0
0
0
0
0
0
0
0
0
0.000449886
0.000621491
0
0
0
0.00062155
0
0
0
0
0
0
0
0
0
0.00321996
0
0.000562882
0
0
0
0
0
0.00111195
0
0
0
0
0
0
0
0
0
0
0.000517189
0
0
0
0
0.00344665
0
0
0.000412329
0
0
0
0
0
0.00123711
0.000412487
0.000786492
0
0
0.00062376
0
0.00135484
0
0
0
0
0
0
0
0
0
0
0
0.000436925
0
0
0
0
0
0
0
0
0
0
0
0
0.000624059
0
0
0
0
0
0
0
0
0
0
0
0
0
0.000451832
0
0
0
0
0
0
0
0
0
0
0
0
0
0
0
0.00187963
0
0
0
0
0
0
0
0.00416397
0
0
0
0
0
0
0
0
0
0
0
0
0
0
0
0
0
0
0
0
0
0
0
0
0
0
0
0
0
0
0
0
0
0
0
0
0
0
0
0
0
0
0
0
0
0
0.000949591
0
0
0
0
0
0
0
0
0
0
0
0
0
0
0
0
0
0.00093255
0.00272377
0
0
0
0
0.000398918
0.000565131
0
0
0
0
0
0
0.000632758
0.000335991
0
0
0
0
0
0
0
0.00169589
0.000633067
0
0
0
0
0
0
0.000525966
0
0
0
0
0
0
0
0
0
0
0
0
0
0.00063319
0.000633252
0.000754828
0.00314885
0
0
0
0
0
0
0
0
0
0
0
0
0
0
0
0
0
0
0.000411658
0
0.00143951
0
0
0
0
0.000607586
0
0
0.00212124
0.00114082
0.000570524
0
0
0
0
0
0
0
0
0
0
0
0
0
0
0
0
0
0
0
0
0
0
0
0
0
0
0
0
0
0
0
0.0017495
0
0
0
0
0
0
0
0
0
0
0
0
0.00208541
0
0
0
0
0
0.00106282
0
0
0
0
0
0
0
0.00106303
0
0
0
0
0.00138984
0
0
0.000640121
0
0.004333
0
0
0
0
0
0
0
0
0
0
0
0
0
0
0
0.000222769
0
0
0.000572382
0
0.000640879
0
0
0
0
0
0.00174241
0
0.000641195
0
0
0
0
0
0
0.000350359
0
0
0.000355736
0
0
0.00115211
0
0.00203652
0
0
0.00195969
0
0
0
0
0
0
0.000574253
0
0
0.00131445
0
0
0
0
0
0
0
0
0
0
0
0
0
0
0
0
0
0
0
0
0
0
0.000574708
0.00291323
0
0
0
0
0
0
0
0
0
0
0
0
0
0
0
0.000902656
0
0
0
0
0
0
0
0
0
0
0
0.000445423
0
0
0
0.00359623
0
0
0
0
0
0
0
0
0
0
0
0
0
0.000883033
0
0
0.00161282
0
0
0
0
0
0
0.00385073
0
0
0.000910142
0
0
0.000827416
0.000323947
0.00101465
0
0
0.00143179
0.00162301
0
0
0.00190471
0
0
0
0
0
0.000652014
0
0
0.00108342
0.00065221
0.00108374
0
0
0
0
0
0
0.00116547
0
0
0
0
0
0.000351365
0
0
0
0.000582912
0
0.00353799
0
0
0
0
0
0
0
0.000653523
0.00116758
0.000653721
0
0.00116794
0
0
0
0
0
0
0
0
0
0
0.00135211
0
0.00102892
0
0
0
0
0
0
0
0
0.00205826
0.000395907
0.000388472
0
0
0
0.000644527
0
0
0
0.00112535
0
0
0
0
0
0
0
0
0
0
0
0
0
0
0
0
0
0.00137237
0.000655304
0
0
0.00131074
0
0
0
0
0
0
0
0
0
0
0
0
0
0
0
0
0
0
0
0
0
0
0
0.00401312
0.00211759
0
0
0.00103288
0
0
0
0
0.000951023
0
0
0
0
0
0
0
0
0
0
0
0
0
0
0
0
0.000821829
0
0
0
0
0
0
0
0
0
0
0
0
0
0.00322101
0
0
0
0.00117821
0
0.000354249
0
0
0
0
0
0
0.00065796
0
0
0.00124072
0.00065836
0
0
0
0
0
0.000377172
0.00117635
0
0
0
0
0
0.000990629
0
0
0
0
0
0
0
0
0
0.000476911
0
0.00225864
0
0
0
0.000924219
0
0.000660101
0.000660168
0.000660235
0
0
0
0
0.000589788
0.00132074
0.000660503
0.000660571
0
0
0
0
0
0
0
0
0.000975544
0.000407844
0
0
0.000660907
0
0
0
0
0
0
0
0
0
0
0
0
0.000256665
0.000301903
0.00067482
0.00104003
0
0.0011815
0.00070245
0.000661648
0
0
0
0
0
0
0
0
0
0.00059105
0
0
0
0
0
0
0
0
0
0
0
0
0
0.00118222
0
0.000661917
0
0
0
0.00164981
0
0
0
0
0
0
0
0
0
0
0
0
0
0
0
0
0
0
0
0
0
0
0
0
0
0
0
0
0
0
0
0
0.00442178
0
0.00300019
0
0.00237704
0.000552926
0.000862021
0
0
0
0
0.00832311
0.00332606
0.000256087
0
0
0
0.00128477
0
0
0
0
0.000410905
0
0
0
0
0
0
0
0
0.000778425
0.000564562
0.00259938
0
0
0
0
0
0.000753343
0
0
0.000439009
0
0
0
0
0
0
0
0
0
0
0
0
0
0
0
0
0
0
0
0
0
0
0
0.000535113
0
0.000830546
0
0
0
0
0.000272565
0
0
0
0.00384659
0
0
0
0
0
0
0
0
0
0.000566399
0
0
0
0
0.000512795
0
0.00169955
0
0.0011723
0
0.00259299
0
0
0
0
0.00102753
0
0
0
0
0
0.000405482
0.000261465
0
0
0
0
0
0
0
0
0.00107496
0.000683595
0.00039163
0.00284017
0
0
0
0
0
0
0
0.00122234
0
0
0
0.000684387
0
0
0
0
0.00154422
0
0
0
0
0.0013816
0
0
0
0
0
0
0
0
0
0
0
0
0
0
0
0
0
0
0
0
0
0
0
0
0
0
0
0
0
0
0
0
0
0
0
0
0.00305941
0.00367323
0.0010787
0
0
0
0
0
0
0.00571028
0
0
0.00123392
0
0
0.000435638
0
0
0
0
0
0
0.000677434
0
0
0
0
0
0
0
0
0
0
0
0
0
0
0.000617354
0
0
0.00196044
0
0
0
0.000691826
0
0.00172437
0
0
0
0.00290305
0.00429743
0.000917706
0
0
0.000820595
0
0.000943385
0
0
0
0
0
0
0
0
0
0.000875468
0
0
0
0
0
0
0
0
0
0
0.003584
0
0.00139375
0.000697025
0
0
0
0
0
0
0
0
0
0
0
0
0
0
0
0.00210813
0
0
0
0
0
0
0
0.000697474
0
0
0.000697549
0
0
0.00139525
0
0
0
0
0
0
0
0
0
0
0
0
0
0
0
0
0.00211017
0
0
0
0
0
0
0.000698149
0
0
0
0
0
0.000698224
0
0
0
0
0
0
0
0
0
0
0
0
0
0
0
0.00101107
0
0
0
0
0
0
0
0
0
0
0
0
0
0
0
0
0
0
0
0
0
0.00262631
0.00124839
0
0
0.00146827
0
0
0
0
0
0.000902319
0
0
0
0
0.00116196
0
0.00347627
0
0
0
0
0
0
0
0
0
0
0
0
0
0
0
0
0
0
0.000714597
0.000638355
0.00142951
0
0
0
0.000714911
0
0
0.000485928
0
0
0
0.00308918
0.00317049
0
0.00192014
0
0
0
0
0
0.00059548
0
0.000716885
0
0
0
0
0
0
0
0.00207619
0
0.000717281
0.000502296
0
0.000642684
0
0
0
0
0
0
0
0.00352592
0
0
0
0
0
0
0
0
0
0
0.00136033
0.00174033
0
0
0
0
0
0
0
0
0.000907593
0
0.000642955
0
0
0
0.000888594
0.000245622
0.000454099
0
0.00119851
0.000643526
0
0
0
0.00355286
0
0.000420573
0
0
0
0.0164813
0.00072578
0
0
0.00180901
0
0
0
0
0.00276165
0.000391591
0
0
0
0
0
0
0
0
0
0
0
0
0
0
0
0
0
0.000243524
0
0
0
0
0.00114299
0
0
0
0
0.00072765
0
0
0.00352669
0
0.000326281
0
0.000527433
0
0
0.00263936
0
0.000606187
0
0
0
0.000630044
0
0.00108554
0
0.00171956
0
0
0.000363906
0
0
0
0
0.000511681
0
0
0
0.00145032
0
0
0
0.000653018
0
0
0
0
0
0
0
0
0
0.00465247
0.000615528
0
0.000478145
0
0
0
0.000741108
0.00182974
0
0
0
0
0
0
0
0.00203198
0.00074204
0
0
0.00123782
0.000558363
0
0
0
0
0
0.000742549
0
0
0
0.000491239
0
0
0
0
0
0.000491334
0
0
0
0
0
0
0
0
0
0
0
0
0
0.000491408
0
0
0
0
0
0
0.000584289
0.000458586
0
0
0
0
0
0.00166428
0.000743569
0
0
0.000468923
0
0
0
0
0
0
0
0
0
0
0
0
0
0
0.00103985
0
0
0
0
0
0
0
0
0
0
0
0
0
0
0
0.00531635
0
0
0
0
0
0.00070892
0
0.00185225
0
0
0
0
0
0.000586908
0
0
0
0
0
0
0
0
0
0
0
0
0
0
0
0
0
0
0
0
0
0
0
0
0.00054035
0
0
0
0
0
0
0.00650284
0
0.00209555
0
0
0
0
0
0.000748541
0
0
0
0
0
0
0
0
0
0
0
0.00104838
0
0
0.0007488
0.00306195
0
0.000623137
0
0
0
0
0
0.000670072
0.000670149
0.000670227
0
0
0
0
0
0
0
0
0.00169309
0.000968784
0
0
0
0
0
0
0
0
0
0
0
0
0
0
0
0
0
0
0
0
0
0
0
0
0.000642549
0
0
0
0
0
0
0
0
0
0
0
0
0.000388239
0
0
0
0
0
0
0
0
0
0.000543787
0
0
0
0
0
0
0.0012501
0.000497095
0
0
0.00150466
0.00108883
0.00095712
0
0
0
0.00355042
0
0
0
0
0
0
0.000752968
0
0.000566328
0.000759289
0
0
0
0
0
0
0
0
0
0
0
0.000545365
0
0
0
0
0
0
0
0
0
0.00357663
0.00103322
0
0
0.000824315
0
0.001585
0
0.00113529
0.00783156
0
0
0
0
0
0
0
0
0
0.000373924
0
0
0
0
0
0
0
0
0
0.00126232
0
0
0
0.00189392
0
0
0
0
0
0
0
0
0
0
0.000967318
0
0
0.000374318
0
0.000409527
0
0
0
0
0.00254485
0
0
0
0.000517743
0
0
0.00208134
0
0.00184485
0
0
0
0.00335497
0.00116945
0.00235908
0
0
0
0
0
0
0
0
0
0
0
0
0
0
0
0
0
0
0
0
0
0
0
0.000764944
0
0.00197733
0
0
0
0
0
0
0
0
0
0.0011175
0
0
0
0.000602205
0
0
0
0
0
0
0.00386048
0
0
0
0
0
0
0
0
0
0
0
0
0
0.000602987
0
0
0
0
0
0
0
0
0
0.00068495
0
0
0
0.000766932
0
0.000386641
0.00049498
0
0.000773465
0
0
0
0
0
0
0
0
0
0
0
0.000555549
0
0
0
0.000685517
0
0
0
0
0
0
0
0
0
0
0
0
0
0
0
0
0
0
0.00473711
0
0
0
0.000768475
0
0
0
0
0
0.000929701
0.000768748
0
0
0
0
0
0
0
0
0
0
0.000496093
0.0017348
0
0
0
0
0
0
0
0
0
0
0.00263103
0
0
0.000579501
0.00149181
0.00282659
0
0.00121357
0.005847
0
0.00121574
0
0
0
0
0.000608013
0.00128471
0
0.00187114
0.00578534
0.000691895
0
0.000774709
0
0
0
0.00411375
0.0016295
0
0
0
0
0
0
0.000553864
0
0
0
0
0
0
0
0.000444632
0
0
0
0
0
0
0
0
0
0
0
0
0
0
0
0.000561991
0
0
0
0
0.00337235
0
0
0
0
0
0
0
0.00155387
0
0.00114755
0.00100323
0
0
0
0
0
0
0
0
0
0
0
0
0
0
0.000777585
0
0
0
0
0
0
0
0
0
0
0
0.00260383
0
0.00298537
0
0
0.00483405
0.000444828
0
0
0
0
0
0
0
0.000789501
0
0
0
0.00141055
0
0
0
0
0
0
0.00116626
0
0.000790077
0
0
0
0
0
0.00100891
0
0
0
0
0
0.0011285
0
0
0
0
0
0
0.00124403
0
0
0
0
0
0
0
0
0.000791136
0.016093
0.00419595
0.000577529
0.0170895
0.00212278
0
0
0
0
0.00063124
0
0
0
0
0
0
0.001953
0
0.00153745
0
0
0
0
0
0.000604767
0
0
0.0011645
0
0
0
0
0
0
0
0
0
0
0
0
0
0
0
0.000582394
0
0
0
0
0
0
0
0.000668386
0
0
0
0
0
0
0.000375013
0
0
0
0
0.000783231
0
0
0
0
0
0
0
0
0
0
0
0
0.000563638
0.000668801
0.000668884
0.000668967
0.00176008
0.00107251
0
0
0.00115064
0
0
0
0.000806465
0
0.00152578
0.0035805
0
0
0
0.00175414
0
0
0
0
0
0
0.00054912
0
0
0
0
0
0
0
0
0
0
0.0028869
0.000636036
0.000808876
0.000499268
0
0
0
0
0
0.00202424
0
0
0
0
0
0
0
0
0.00169637
0
0.00135118
0
0
0
0
0
0
0
0
0
0
0
0.000810491
0.000724029
0.000399042
0
0
0.000449741
0
0
0
0
0
0
0.0014486
0.000811099
0
0
0
0
0.000637943
0
0
0
0.00134796
0
0
0
0
0
0.000811504
0
0
0
0
0
0
0
0
0
0
0.00117512
0.00406693
0
0
0.00210044
0.000843127
0
0.000935472
0.00233929
0
0.00136249
0
0
0.00154548
0
0
0
0
0.00177057
0
0
0.00114931
0
0
0.00335674
0
0
0
0.00383027
0.00133337
0.00200058
0.00346063
0
0.000826359
0
0
0
0.00151721
0.000638876
0.000849635
0
0
0
0
0
0
0
0
0
0.000639044
0
0
0
0.000759101
0.000836749
0
0.00164576
0
0
0.00256587
0.0010512
0
0
0
0
0.00152179
0
0
0
0
0
0
0
0
0
0
0
0
0.000852088
0.00206174
0
0.00147167
0
0.000932819
0.00304458
0
0
0.00174147
0
0
0
0.00052872
0
0
0
0.000566765
0
0
0.00135977
0
0
0
0
0
0
0
0.00202304
0
0.000766222
0
0.00213819
0
0
0
0.000768852
0
0
0.00402954
0
0
0
0
0.000371673
0
0
0.000861129
0
0
0
0
0
0
0
0
0.00204972
0
0
0
0
0
0
0
0
0
0
0
0.00153956
0
0
0
0
0
0
0.00115833
0
0.00100517
0.000928968
0
0.000780429
0.000486341
0
0
0
0.000458304
0
0
0
0
0.00203676
0
0
0
0.00360974
0.00239522
0
0.0161452
0.00378212
0.00262135
0.00488394
0
0
0
0
0.00233883
0.0031197
0
0
0
0
0
0
0
0
0
0
0
0
0
0
0.000411432
0
0
0
0.0012558
0
0
0
0
0
0.000874347
0
0
0
0
0
0
0
0
0.000874465
0.00129147
0.00377683
0
0
0
0
0
0
0.000404159
0.000825307
0
0.00317261
0
0.00102227
0.0071254
0.00073128
0.00336079
0
0
0
0.0188734
0.000886765
0
0
0.0122423
0
0
0
0.0116351
0.00146549
0
0
0
0
0.000626303
0
0
0.000416919
0
0
0
0
0
0
0
0
0.000779415
0
0
0
0.000752704
0
0
0
0.0057036
0
0.000649155
0.000565496
0
0.000745118
0.00149277
0
0
0.00062838
0
0.0016979
0
0
0
0
0.000610255
0
0
0
0
0
0
0
0
0
0
0
0
0.000304426
0
0
0
0
0
0
0.00141268
0
0
0
0
0
0
0
0
0
0
0
0.000802478
0.00051387
0
0
0
0.000432512
0
0
0
0
0
0
0
0
0
0
0
0.00135205
0
0
0
0
0
0
0
0.000803145
0
0
0
0.000428055
0
0.000803367
0
0.000899541
0
0
0
0
0
0
0
0
0
0
0
0
0
0.00196617
0.000804035
0.00119105
0
0
0.00080437
0.000900663
0
0
0
0
0
0
0
0
0
0
0
0
0.00289317
0
0.000516651
0
0
0
0
0
0.00174612
0
0
0
0
0
0
0.000466483
0
0
0.00063196
0
0.000709874
0
0
0.000902792
0
0
0
0
0
0
0
0
0
0.00116521
0
0.000806719
0
0
0
0
0
0
0
0.000750404
0
0
0
0
0
0
0
0.000509075
0
0
0.000807055
0
0
0
0
0
0
0
0.000373688
0.00160897
0.00180835
0.00375496
0
0
0
0
0
0.000634075
0
0
0
0
0.000913079
0
0
0.0008275
0.00181239
0
0
0
0
0
0
0
0.000809646
0.00430757
0.000908984
0
0
0
0
0
0.000683688
0
0.000909239
0
0
0.000909366
0
0
0
0
0.00162474
0
0
0
0.00329306
0
0
0
0
0
0.000574058
0
0.00127509
0.000756613
0.00512201
0.000758528
0
0.000506546
0
0
0
0.00182666
0.000816025
0
0
0
0
0
0.000485131
0.00099858
0
0
0
0
0
0
0
0
0
0
0
0
0
0
0.0018282
0.000759596
0
0.00198613
0.000914875
0
0
0
0
0
0.00081729
0
0
0
0
0
0.00331255
0
0
0
0.0013774
0
0
0
0
0
0
0
0.00228297
0
0
0
0
0
0
0
0
0
0
0
0
0
0
0
0
0
0
0
0
0
0
0
0
0.00260976
0
0.00256512
0.00164013
0.000607484
0.00121514
0
0
0
0
0.000665135
0.00053551
0
0
0.000665323
0.00111185
0.00297274
0
0.00237602
0.00382615
0
0
0
0
0
0
0.0012198
0.00275598
0.00337275
0
0
0.0014552
0
0.0017855
0
0
0.00168231
0
0
0.000927551
0.000828616
0.00315285
0.00195037
0
0
0
0
0.00139711
0.00165984
0
0
0
0
0
0.000772098
0.00100104
0.00884694
0
0
0
0
0
0
0
0
0.000732687
0
0.000797376
0
0
0
0
0.0012331
0.000367567
0.000413722
0
0
0
0
0
0.00166604
0
0
0
0
0
0
0
0
0
0
0
0
0.000459185
0.000775093
0
0
0.00166699
0.00792944
0.00167132
0
0
0
0.000835899
0.000935972
0.00187221
0.000936377
0
0
0
0
0
0.0016028
0
0.00257326
0
0
0
0
0
0.00141103
0
0.000491514
0
0
0
0.00145779
0
0
0
0
0
0.00273641
0
0
0
0
0.00780701
0
0
0
0
0.00124517
0
0
0
0
0
0
0
0
0
0.000782286
0.00243423
0.000682318
0
0
0
0
0
0
0
0
0
0
0.000682417
0
0
0
0
0
0
0
0.00136503
0
0.00235027
0
0
0
0.00273205
0
0
0
0
0
0
0
0.000943999
0
0
0
0
0.00142006
0
0
0
0
0.00423317
0
0
0
0
0
0
0
0
0
0
0
0
0
0
0.000662144
0.00168957
0
0
0
0
0.00189212
0
0.00148844
0
0
0
0
0
0
0
0
0
0
0
0
0
0
0
0
0
0
0
0
0
0
0
0
0
0
0.00169105
0
0
0
0
0
0
0
0.000685501
0
0
0.000786734
0
0
0
0
0
0
0
0
0
0
0
0
0
0
0
0.00253805
0.00799021
0
0
0
0
0
0
0
0
0
0
0
0
0
0
0
0
0
0
0
0
0
0.00100025
0.00793139
0
0
0
0
0.00179584
0.000763129
0
0
0.000895425
0
0
0.00148891
0.000483867
0.000971692
0
0
0.00059978
0
0
0.00170902
0
0.000600229
0
0.00193029
0
0
0
0
0.00323374
0.00423968
0.00097239
0.00658697
0
0
0
0.000536554
0
0.00220889
0.00270899
0.00427612
0
0
0
0
0.00167971
0.00101595
0.0029659
0.00101722
0.00479813
0
0
0
0
0
0
0
0
0
0
0
0
0
0
0
0
0
0.000831766
0
0.00469418
0
0
0.000997652
0
0
0
0.00178229
0.000767571
0
0
0
0
0
0
0
0
0
0
0
0
0
0
0
0
0
0
0
0
0
0
0
0
0
0
0.00189436
0
0
0.00130933
0.00352606
0.00106181
0.00159731
0
0
0
0
0
0
0
0
0
0
0
0
0
0
0.00185732
0
0
0
0
0
0
0
0
0
0
0
0
0
0
0
0
0
0
0
0
0
0
0
0
0
0
0
0
0
0
0
0
0
0
0
0
0.00102979
0
0
0.00222788
0
0
0
0
0
0
0
0
0.000723175
0
0
0
0
0
0
0
0
0
0
0
0
0
0
0
0
0
0
0
0
0.00059033
0.00106442
0
0
0
0
0
0
0.00190182
0
0
0
0.00064411
0.00100321
0
0
0
0
0
0.00308539
0
0.000632677
0
0
0
0
0
0
0.0028387
0.000761841
0
0
0
0.00251909
0
0
0
0.00213655
0.0038048
0.000552947
0
0
0
0
0
0
0
0.00106986
0
0.000888921
0
0
0
0
0
0
0
0
0
0.0033633
0
0
0
0.000750104
0
0
0.000842606
0
0
0
0
0
0
0
0
0
0
0
0
0
0
0
0
0
0
0
0
0
0
0
0.000890241
0
0
0
0
0
0
0
0
0
0
0
0
0
0.0010718
0
0
0
0
0
0.00178107
0
0
0
0
0
0
0
0
0
0.00114804
0
0
0
0
0
0
0
0
0
0
0
0
0
0
0
0
0
0
0
0
0
0
0
0.00207679
0
0
0
0.00203054
0
0
0
0
0
0
0
0
0
0.000959241
0
0.00318908
0
0.001557
0.00485384
0.00192357
0.00926255
0
0
0.000896751
0
0
0
0.0017938
0
0
0
0
0
0
0
0.000812202
0
0.00254842
0
0.00378359
0.00108162
0
0
0.00185908
0
0.00262085
0
0
0
0
0
0.000967721
0
0
0.00156895
0
0
0
0
0
0.00442199
0
0
0.00193868
0
0.00108559
0
0
0
0.000901998
0
0
0
0
0
0
0
0.000969986
0.000970149
0.00268173
0
0
0
0
0
0
0
0
0.00108705
0
0
0
0
0
0
0
0
0
0.00342007
0
0
0
0
0
0
0
0
0
0
0
0
0
0
0
0
0
0.00090381
0
0
0
0
0
0
0
0
0
0
0
0
0
0
0
0
0
0
0
0
0
0
0
0
0
0
0
0
0
0.00108814
0.000719905
0.00085602
0
0
0
0
0.00306736
0
0
0.000856882
0
0
0
0
0
0
0
0
0
0
0
0
0.00108978
0
0
0
0
0
0
0
0
0.00216298
0
0
0
0
0
0
0
0
0
0
0
0
0.000721356
0
0
0
0
0
0.000635638
0
0
0.000820386
0
0.000721719
0
0
0
0
0.00194942
0
0
0
0
0
0
0
0
0
0
0.002065
0.000987844
0
0
0
0
0
0
0
0.00410814
0.00594513
0.00109493
0
0
0
0.00109511
0
0
0
0.00127663
0
0
0
0.00144953
0
0
0
0.000793475
0.000910674
0
0
0
0.0014903
0
0.000979649
0.00273387
0.00273525
0.00330318
0.00109881
0.00224359
0
0
0
0
0
0
0
0
0
0
0.000864861
0
0
0
0
0
0
0
0
0
0
0.000913758
0.00154061
0
0
0
0
0.00196594
0.0019666
0
0
0
0
0
0
0.00130697
0
0.00584892
0
0
0
0.000829863
0.004985
0
0
0
0.00275387
0
0
0
0.00069712
0
0
0
0
0
0
0
0
0
0
0
0
0
0.00197531
0
0
0
0
0
0
0
0
0
0
0
0
0
0
0
0
0
0
0
0
0
0.00851951
0
0
0
0
0
0
0.000645831
0
0
0.000634921
0
0.00286121
0
0
0.000625102
0
0.00276515
0.0029372
0
0
0
0
0.00184564
0.00424194
0.00846682
0.00111657
0.00278322
0.00351479
0
0
0
0
0.000998705
0.00171224
0
0
0
0
0.00148024
0.000880211
0
0.000783846
0
0
0
0
0
0
0
0
0
0
0
0
0
0.00207301
0
0
0
0
0
0
0
0
0.00141276
0
0
0
0
0
0
0
0.0022238
0
0.00186285
0.000811971
0
0
0
0
0.000882187
0
0.00157121
0.000844059
0
0
0.00305168
0
0
0
0
0
0
0
0
0
0
0
0
0
0
0
0
0
0
0
0
0
0
0
0
0
0
0.00112333
0
0.00152716
0
0
0
0.00297379
0.00152874
0
0
0
0
0
0
0
0
0
0
0.000934651
0
0
0
0
0
0.00186962
0
0
0
0
0.000560624
0
0.00114921
0.00100598
0.00326197
0
0
0.00394643
0.00201545
0.00790246
0
0
0
0
0.00113056
0
0
0
0.000532519
0
0
0.00182692
0.000792311
0.000618342
0
0
0
0.00185535
0.000769703
0
0
0
0
0
0.00113273
0
0
0
0
0
0.00202389
0.00942969
0
0.00101495
0
0.00188827
0
0.00170998
0
0
0
0
0
0
0
0
0
0
0
0.00114657
0
0
0
0
0
0.000752563
0.000675237
0
0
0
0.000895016
0.000797032
0
0
0
0
0
0
0.000753091
0.00243801
0.000401609
0
0
0.000947451
0
0
0
0
0
0
0
0
0
0
0
0
0
0
0
0
0
0
0
0.000703988
0
0
0
0
0
0
0
0.00237022
0.000562264
0
0
0
0
0
0
0
0
0
0
0
0
0
0
0
0
0
0
0
0
0.000665825
0.00155322
0.00151228
0
0
0
0.000691622
0
0
0
0
0
0
0.00288259
0.00204493
0
0
0
0
0
0
0
0
0
0
0
0
0
0
0
0
0
0
0
0.00271809
0.00102652
0
0
0
0
0.00102391
0
0
0
0
0
0
0
0
0
0
0
0.00539946
0
0.00356232
0
0.000955167
0
0
0
0.000943298
0
0
0
0
0
0
0
0
0
0
0
0
0
0
0
0
0
0
0
0
0.00142713
0
0
0.001151
0
0
0
0
0
0.00102827
0
0.00078253
0.00115161
0
0
0
0
0
0
0
0
0
0
0
0
0.00795525
0
0.00103174
0.00083638
0
0
0
0
0
0
0
0
0
0.00501917
0
0
0
0
0
0
0
0
0
0
0
0
0
0
0
0
0
0
0
0
0
0.000746386
0
0
0.00433188
0
0
0
0
0
0
0
0
0
0
0
0
0
0
0
0
0
0
0
0
0
0.00288851
0.00382665
0
0.00137849
0
0
0
0
0
0
0
0
0
0.00162715
0
0
0
0.0010382
0.000914241
0
0.0309435
0
0
0
0
0
0
0
0
0
0
0
0
0
0.000796509
0.00209402
0
0.00117261
0
0
0
0
0
0
0
0
0
0
0
0
0
0
0
0
0
0
0
0
0.00117282
0
0
0
0
0
0
0.000709484
0
0
0
0
0
0
0
0
0
0
0
0
0
0.000882328
0
0
0
0
0
0
0
0
0
0
0
0
0
0
0
0
0.00441244
0
0
0
0
0
0
0
0
0
0
0.00209818
0
0
0
0
0
0
0
0
0
0
0
0
0
0
0
0
0
0
0
0
0
0
0
0
0
0
0
0
0
0
0
0.00117494
0
0
0
0
0
0
0
0
0
0
0.00359858
0
0
0.00239861
0
0.00210274
0
0
0
0.00247346
0.00117814
0.00117835
0
0
0
0
0
0
0.0023388
0
0
0
0
0
0
0.00943367
0
0.00266431
0
0
0
0
0
0
0
0
0
0
0.000562416
0
0
0
0
0
0
0
0
0
0
0
0
0
0
0
0
0
0
0
0
0
0
0
0
0
0
0
0
0
0.00185875
0
0
0
0
0
0
0
0
0
0
0
0
0.00177814
0.0137546
0
0
0
0
0
0
0
0
0
0
0.000858363
0
0
0
0.00116744
0
0
0.00118631
0
0
0
0
0
0
0.00105982
0.000859147
0.00215373
0
0
0
0
0
0
0
0
0
0
0
0
0
0
0
0.000766309
0
0
0.00200802
0
0
0
0
0
0.000669709
0.00287842
0
0.000670568
0
0
0.000861666
0
0
0
0
0
0
0.000936189
0
0
0.00106351
0
0
0.00161872
0
0.000671306
0
0.00150269
0
0
0.002605
0.000835235
0.00431862
0
0.00106664
0
0
0
0
0
0
0
0
0
0
0
0
0
0
0
0
0
0.000898226
0
0.00281838
0.00106762
0
0.00119548
0
0
0
0
0
0
0
0
0
0
0
0
0
0
0
0
0
0
0.000790937
0
0
0
0
0
0.00449692
0
0
0
0
0
0
0
0
0
0
0
0
0
0
0.00213839
0
0.000654251
0
0
0.00167454
0
0
0
0
0
0
0.00107038
0.00347083
0
0
0
0.00297652
0
0
0.00732823
0
0
0
0
0.00112382
0
0
0
0
0
0
0
0
0
0
0
0
0
0
0
0
0.0027212
0
0.00275581
0
0
0
0
0
0
0
0
0
0
0
0
0
0
0
0
0
0
0
0
0
0
0
0
0.00120794
0
0
0
0.000950121
0
0
0
0
0.00120839
0
0
0.00120861
0.00107974
0
0
0
0
0
0
0
0
0
0
0
0
0
0
0
0
0
0
0
0.001151
0.00301437
0.0043235
0
0.00254544
0
0.00302168
0
0
0
0
0.000635405
0.000695054
0.00622144
0
0
0
0
0
0
0
0
0
0.00108621
0
0
0
0
0.00202087
0
0.00108682
0.000911338
0
0.00310674
0.00217691
0
0
0
0
0
0
0
0
0
0
0
0
0
0
0
0
0
0
0
0
0
0
0
0
0
0
0
0
0
0
0
0
0
0
0
0
0
0
0
0
0.000752346
0.00121927
0
0.000786883
0
0
0
0
0
0.00217895
0
0
0
0.00157465
0.00122065
0
0
0.0030427
0.00122157
0
0
0.00122179
0
0
0
0
0
0
0.00118401
0
0
0.000739533
0
0
0.00218469
0
0
0
0
0.0021511
0
0
0
0
0
0
0
0
0
0
0
0.00122433
0
0.000772165
0
0.00109399
0.000690297
0
0
0
0
0
0
0
0.00218881
0
0
0
0
0.000963925
0
0
0
0.00214337
0
0
0
0
0
0
0
0
0
0
0
0
0.0106521
0
0
0
0.00894928
0
0
0
0
0
0
0
0
0
0
0
0
0
0
0
0
0
0
0
0
0
0
0
0
0.00698555
0
0
0
0
0
0
0
0
0
0
0
0.00105988
0
0
0
0
0
0
0
0
0
0
0
0
0.00106008
0
0
0
0
0
0
0
0
0
0
0
0
0
0
0
0
0
0.000923994
0
0
0
0
0.00127657
0.00164774
0
0
0
0
0
0
0
0.00127732
0
0
0
0
0
0
0
0.00127758
0
0
0
0.00132109
0.000961356
0
0
0.00631272
0
0
0
0.00069967
0
0.00128085
0
0
0
0
0
0
0.00739782
0
0
0
0.00278897
0.00101047
0
0.00837352
0
0
0
0.00128745
0
0.00117621
0
0
0
0
0
0
0
0
0
0
0
0
0
0
0
0
0
0
0
0
0
0
0
0.00207959
0
0
0
0
0
0
0
0
0
0
0
0
0
0.00101388
0.00170596
0
0
0
0
0.00068492
0
0
0
0
0
0
0
0.00363531
0
0
0
0.00230724
0
0.00115408
0
0
0.00107358
0
0
0
0
0.00476912
0
0
0
0
0
0
0
0.00129774
0
0.00471462
0
0
0
0
0
0
0
0
0
0
0
0
0
0
0.00420108
0
0
0
0
0
0
0
0
0
0
0
0
0
0
0
0
0
0.0013019
0
0
0
0
0
0
0
0
0
0.000758878
0
0
0
0
0
0
0
0
0
0
0.00512126
0.00307584
0
0
0
0
0
0
0
0
0
0
0
0
0
0
0.00098105
0
0
0.00130478
0.00188401
0
0
0
0
0
0
0
0
0
0
0
0
0
0
0
0.00378142
0
0.00102776
0.00116755
0
0.00233557
0
0
0
0
0
0
0
0
0
0
0
0.00116826
0
0
0.00233699
0
0
0
0
0
0
0
0
0
0
0
0
0
0
0
0
0
0
0
0
0
0
0
0
0
0
0
0
0
0
0
0
0.00247571
0
0
0
0
0
0
0
0
0
0
0
0.0032636
0
0
0
0
0
0
0
0
0
0
0
0
0
0
0
0
0
0
0
0.0076448
0
0
0
0
0
0
0
0
0
0
0
0.000665615
0
0
0.00195147
0
0
0.00238947
0.0034537
0
0
0.000969536
0
0.00187585
0
0.00333972
0.0010545
0.00295046
0
0
0
0.00366607
0.000695438
0.00134561
0
0
0
0.00134589
0
0
0
0
0
0
0
0
0.00164296
0
0.001013
0
0
0.00240682
0
0.00101363
0
0
0
0
0
0.0109731
0.00426916
0.00300186
0
0
0
0.000816957
0
0.00254089
0
0.00425277
0
0
0
0
0
0
0
0
0
0
0
0
0
0
0
0
0
0
0
0
0
0.00137964
0
0.00312031
0.00229517
0
0
0
0.00178345
0
0.00178421
0
0
0.00123545
0.00104042
0
0.00200354
0
0
0
0.00217734
0
0.0108896
0.0138806
0.00125388
0
0
0
0.00148834
0
0
0.00227011
0
0.00321704
0
0
0
0
0.00332268
0
0
0
0.00221656
0
0
0
0
0
0.0033665
0
0
0
0
0.00252248
0
0
0
0
0
0
0.00126179
0
0.000890961
0.000599438
0.00449278
0.0075889
0.000937909
0
0
0
0.00508955
0
0
0
0
0
0
0
0
0.00572835
0.00155547
0.00326225
0
0
0
0
0
0
0.00728078
0
0
0
0
0
0
0
0
0
0
0
0
0
0
0
0
0
0.00239078
0
0
0
0
0
0
0
0
0
0
0
0
0
0
0
0
0
0
0
0
0
0
0
0.00349241
0
0
0.00144406
0
0
0
0
0
0.00144438
0
0
0
0
0
0
0
0
0
0.0014447
0
0
0
0
0
0.00104613
0
0
0
0
0
0
0
0
0
0
0
0.00360213
0
0.00144631
0
0
0
0
0.00227532
0
0.00165811
0
0
0.0012933
0
0
0.000957989
0
0
0
0
0
0
0
0
0
0
0.00129388
0
0
0
0.00303558
0.00187146
0.00145083
0
0
0
0.00129619
0
0.00249439
0
0
0
0
0
0
0
0
0
0
0
0
0
0
0
0
0
0
0
0
0.00145246
0
0
0
0
0
0
0
0
0
0
0
0
0
0
0
0
0
0
0
0
0
0.00324616
0.00708061
0
0.00145833
0
0.00236943
0
0
0.000797849
0
0
0
0
0
0
0.00146062
0.00581242
0
0.000903877
0
0
0.0014649
0
0
0
0.00130876
0.00261811
0
0
0
0
0
0
0
0
0
0
0
0
0
0
0
0
0
0
0
0
0
0
0
0
0
0.00261929
0
0
0
0
0.00110316
0
0
0
0
0
0
0
0.00146722
0
0
0
0
0
0
0
0
0
0
0
0.00201072
0
0
0
0.00212005
0.00219566
0
0
0.000780773
0
0.00323277
0
0
0
0
0
0
0
0.0040184
0
0.00217841
0
0
0
0
0
0.0283904
0
0
0
0
0.00141596
0
0
0
0
0.00123619
0
0
0.00520447
0.00670912
0
0
0.000634799
0
0
0.00603956
0.00150217
0
0
0
0
0
0
0
0
0
0
0
0
0
0
0
0
0
0
0.000797751
0
0.00155374
0
0
0.00249814
0
0.00268723
0
0
0
0
0
0
0
0
0
0.00233385
0.000778492
0
0
0.00750832
0
0
0
0.00250626
0
0
0.00125371
0
0.0011352
0.00593687
0
0
0.004855
0.00347089
0
0
0
0
0
0.00975375
0
0
0
0
0
0
0
0
0
0
0
0
0
0
0
0.0119813
0
0
0
0
0
0
0
0
0
0.00223855
0.00160227
0.000698072
0
0.00197869
0
0
0.0046828
0.00336522
0
0.00181201
0.00450542
0
0
0.00287651
0
0
0
0
0
0
0
0
0
0
0
0
0
0
0
0
0
0
0
0
0
0
0
0
0
0.00143897
0.00161141
0.00126756
0
0.00813283
0.00116948
0
0
0
0
0
0
0
0
0
0
0
0
0.00106883
0
0
0
0
0
0.00161622
0.00288796
0.00161742
0
0
0
0.00289012
0.0050868
0.00128806
0
0
0
0.0107292
0
0
0
0
0
0
0
0
0
0
0
0
0
0
0.00632906
0
0
0
0.00604648
0.0152988
0
0
0
0
0
0
0
0
0
0.00686624
0
0
0
0.00165789
0
0.00165831
0
0
0.00296319
0
0
0
0
0
0
0
0
0
0
0
0
0
0
0.0011279
0.0017162
0
0
0
0.00214333
0
0
0.00574038
0
0
0
0
0.00375862
0
0
0
0.0029315
0
0
0
0
0
0
0
0
0
0
0
0
0.00166896
0
0
0
0
0
0
0
0
0.00215435
0
0
0
0
0
0
0
0
0
0
0
0
0
0
0
0
0
0
0.00167025
0
0.0041637
0
0.00167197
0.00628855
0
0
0.000993697
0
0.00242521
0.00485292
0
0
0.00121448
0
0
0
0
0
0
0
0
0
0.00131962
0.00199201
0
0
0
0.00108358
0
0
0
0
0
0
0
0.00167975
0
0
0.00132133
0
0
0
0
0
0
0
0
0
0
0
0
0
0
0
0.00105974
0
0
0
0
0
0
0
0
0
0
0
0.00168105
0
0
0.00168148
0
0
0
0
0
0
0
0
0.00685848
0
0
0
0
0
0
0
0
0
0
0
0.00305656
0
0.00265156
0.00301319
0
0.00111632
0
0
0
0
0
0
0
0
0.00168804
0
0
0
0
0
0
0
0
0
0
0
0
0.00301632
0
0
0
0
0
0
0
0
0
0
0
0
0
0
0
0
0
0
0
0
0
0
0
0
0
0
0
0
0
0
0
0
0.00168935
0
0
0
0
0
0
0
0
0
0
0
0
0
0
0
0
0
0
0
0
0.00280756
0
0
0
0
0
0.00132958
0
0
0
0.00122428
0
0
0
0.00151091
0
0.00169199
0
0
0
0
0
0
0.00266192
0
0
0
0
0
0
0
0
0
0
0
0.00612937
0
0.00218807
0.00169641
0
0
0
0
0.00169685
0.00303208
0
0
0
0
0
0
0
0
0
0
0
0.00282149
0
0
0.00169907
0
0
0
0
0
0
0
0.00369109
0
0
0
0
0.00170085
0
0
0
0
0
0
0.00288357
0.0010992
0.00283111
0.0015228
0
0
0
0
0
0
0.00257884
0.00275689
0
0
0
0
0.0015256
0
0
0
0
0
0.00247367
0
0
0.00464689
0
0.00134568
0
0
0
0
0
0.0034232
0
0
0
0
0
0
0
0
0
0
0
0.0017125
0.00361981
0
0
0
0.00192716
0
0
0.00120226
0
0
0
0
0
0
0.00381006
0
0.00285734
0
0
0.00450621
0
0.00481785
0.00117283
0.00172615
0
0
0
0
0
0.00172661
0
0
0
0
0
0
0
0
0
0.00649412
0
0
0
0
0
0
0.00086129
0.00172983
0
0
0
0.00154551
0
0
0
0
0
0
0
0
0
0
0.00250595
0
0
0
0
0.00362802
0
0
0.00272654
0.00780814
0
0
0.00181191
0
0
0
0
0
0
0
0
0
0
0
0
0
0
0
0.00161886
0.00181292
0
0
0
0
0.00181342
0
0
0.00181393
0
0.00415751
0.00289332
0
0
0.00181799
0.0172659
0.00548003
0.000749819
0.00651114
0
0.00183183
0.00124531
0
0
0
0
0
0.0023653
0
0
0
0
0
0.00304698
0.00432907
0
0
0
0
0.00183648
0
0.00514509
0.00183908
0
0.0014467
0
0
0.00333888
0
0
0.0118835
0.00184692
0
0.0497388
0.00187409
0.00334888
0
0
0.00109313
0
0
0.00113481
0
0.0046774
0
0
0
0
0
0
0
0.00147723
0.0012124
0
0.00187951
0
0
0
0
0
0
0
0
0
0
0
0
0
0
0
0
0
0
0
0
0
0
0
0
0.00127774
0
0
0
0
0
0.00312458
0
0
0
0
0.00810569
0.001164
0
0
0
0
0
0
0
0
0
0
0
0
0
0
0
0
0
0
0
0
0.00147626
0
0
0
0
0
0
0
0
0
0
0
0.00190311
0
0
0
0
0
0
0
0
0
0
0
0
0
0
0
0.00110076
0
0.0120632
0
0
0
0
0
0.00190431
0
0.00571459
0
0
0
0
0
0
0
0
0
0
0
0.00230626
0.002593
0
0.00389179
0
0
0
0.00170644
0
0
0
0
0
0.00191102
0
0
0
0
0.00341489
0
0.00142225
0
0.00318477
0
0
0
0
0
0
0
0
0
0.00425012
0
0
0
0
0
0.00268568
0
0.00637652
0
0
0
0.00100627
0
0
0.00192176
0
0
0
0
0
0
0
0
0
0
0
0
0
0
0
0
0
0
0
0.00384466
0
0
0
0
0
0
0
0
0
0
0
0
0
0
0
0
0
0
0
0
0
0
0
0
0
0
0
0
0
0
0
0
0.00483714
0
0
0
0
0
0
0.0057735
0
0
0
0
0
0
0
0
0
0
0
0
0
0
0.00241691
0
0
0
0
0
0
0
0
0
0
0
0
0
0
0
0.00386755
0
0
0
0
0
0
0
0
0.00321484
0
0
0
0
0.00070502
0
0
0
0.00114923
0
0
0
0
0
0
0
0.00437063
0
0
0
0
0
0
0
0
0
0
0
0
0.00527111
0
0
0
0
0
0
0
0
0
0
0
0
0.00107681
0
0
0
0
0
0.00107714
0
0
0
0
0
0
0
0
0
0
0
0
0
0
0
0
0
0
0
0
0
0
0
0
0.00104593
0
0
0
0
0.00146123
0
0.00212272
0
0
0
0
0.00459096
0
0
0
0
0.00231155
0
0
0
0
0
0
0
0.00194885
0
0
0
0.00835123
0
0
0
0
0.00170283
0
0
0
0
0
0.00227971
0.00441539
0
0.00147313
0.00276832
0
0
0
0
0.000854241
0.00154683
0
0
0
0
0
0
0.00261297
0.000888817
0
0
0
0
0.00142325
0
0.00175654
0.00233465
0
0
0
0
0
0
0.00315251
0
0.00197072
0
0
0.00112925
0
0.00134017
0
0
0
0.0031592
0.00130637
0
0
0.00148567
0
0
0.00119521
0.00184249
0
0
0
0
0
0
0
0
0
0
0
0
0.00144052
0
0
0
0
0
0
0
0
0
0
0
0
0
0
0
0
0
0
0
0
0
0
0
0
0
0
0
0
0.00788544
0
0
0
0
0
0.00340947
0
0
0.00198578
0
0
0
0.00794555
0
0
0.00122742
0
0.00198943
0
0
0
0
0
0
0
0
0
0
0
0.00198223
0
0
0
0
0
0
0
0
0
0
0
0
0
0.00112207
0
0
0
0.0338039
0.00200353
0
0
0.00200414
0
0.00237929
0
0
0
0
0
0
0
0
0
0.00157756
0
0
0
0
0
0
0
0
0.00281007
0.00473705
0.00103888
0
0
0
0
0
0
0
0
0
0
0
0
0
0.00804136
0
0
0
0
0
0
0
0
0
0
0
0.0100328
0
0
0
0
0
0
0
0
0
0
0
0
0
0
0
0
0
0
0
0
0.0014599
0
0
0
0.0013016
0
0
0
0
0
0
0.00308952
0
0
0
0
0
0
0
0
0
0
0
0
0
0
0
0
0
0
0
0
0
0
0
0
0
0
0.0015189
0
0.00180458
0
0
0.00180515
0.00581018
0
0
0
0
0
0
0
0.00202664
0.00202727
0
0
0
0
0
0
0
0
0.00110797
0.00261783
0.00168624
0
0.00899856
0
0
0
0
0
0
0
0
0
0
0
0.00259908
0.00182617
0
0
0.00296117
0
0
0
0
0
0
0
0.00148152
0
0
0
0
0
0
0
0
0
0
0
0
0
0.0128332
0.00206596
0.00719212
0
0
0.00434444
0.00399238
0.00300131
0
0
0
0
0
0
0
0
0
0
0
0.00347456
0
0
0
0
0.00209259
0
0
0
0
0
0.00284528
0
0
0
0
0
0.00209461
0
0
0
0
0
0
0
0
0
0
0
0
0.00209529
0
0
0
0.00598595
0
0
0
0.00375153
0
0
0.00406775
0
0.00881377
0
0
0
0
0
0
0
0
0
0.00317193
0
0
0
0
0
0
0.00476099
0.00526435
0
0
0
0
0
0
0
0.00431096
0
0
0
0
0
0.00378084
0
0.00189165
0.00211851
0
0
0
0
0.0017605
0.00211989
0.00288241
0
0
0.00614478
0
0
0
0
0
0
0.00379567
0.00288995
0.00167312
0
0
0
0.00380188
0.00631866
0
0.0021331
0
0
0
0
0
0
0.00381187
0
0.00190718
0.00213591
0.00908955
0
0
0.00155293
0.00567759
0
0.0019066
0
0
0
0.00510343
0.00536111
0.00253113
0
0.00179325
0
0
0
0
0
0
0
0
0
0
0
0
0
0
0
0
0
0
0.0114648
0
0
0
0
0
0
0
0
0
0.0245355
0
0
0
0
0
0.00874191
0.00218842
0
0
0
0
0
0
0
0
0
0
0
0
0
0
0
0
0
0
0
0
0
0
0
0
0
0
0
0
0
0
0
0
0
0
0
0
0
0.0208309
0
0.00771064
0
0
0
0.00447949
0
0
0.000845197
0
0
0
0
0
0.00224206
0.00224284
0
0
0
0.004071
0
0
0
0.00401218
0.00401495
0.00305703
0.00124839
0
0.00314775
0
0.00402609
0
0.00339213
0
0
0.0032677
0
0
0
0
0
0
0
0
0
0
0
0
0
0
0.00936685
0
0.00227903
0
0
0
0
0
0
0
0
0
0
0
0
0
0
0
0.00882635
0
0
0
0
0
0
0
0
0
0
0.00576245
0
0
0
0
0
0
0
0
0
0.0107953
0
0.00963207
0.00542052
0
0
0
0
0
0
0
0
0
0
0
0
0
0
0
0
0
0
0
0
0
0
0
0.0067464
0.00443973
0.00601133
0
0
0
0
0
0
0
0.0035017
0
0.00253298
0
0
0
0
0
0
0
0
0
0
0
0
0
0
0
0
0
0
0.00207198
0
0.00182491
0
0
0.00654039
0.00162832
0
0
0.00325781
0
0
0
0
0.0028644
0
0
0
0
0
0.00652731
0.0108066
0
0
0
0
0.00233974
0.00184068
0.00819733
0.00451503
0
0
0.00267671
0
0.00210046
0.00118582
0
0
0
0
0
0
0
0
0
0
0
0
0
0
0
0
0
0
0
0
0
0
0
0
0.00235329
0
0
0
0
0
0
0
0
0
0
0
0.00235414
0.0070842
0
0.00234916
0
0.0125028
0
0
0
0
0.0131819
0
0
0
0
0
0
0
0
0
0
0.00279241
0
0
0
0.00127245
0.00163904
0
0
0
0
0
0
0
0
0
0
0.00179343
0
0
0
0
0
0
0
0
0
0
0
0
0
0
0
0
0
0
0
0.00520425
0
0
0
0
0.0158162
0
0
0
0
0
0
0
0
0
0
0
0
0
0.0224724
0
0
0
0.00317048
0
0
0
0
0
0
0
0
0
0
0.00222105
0
0
0
0
0
0
0
0
0
0
0
0
0
0
0
0.00400229
0
0
0.00173561
0
0
0
0
0.00317822
0
0
0
0
0
0
0
0.00330523
0
0
0
0
0
0
0
0
0.00284578
0
0.00866546
0
0
0
0
0.00201392
0.00330358
0
0
0.0189805
0.00241733
0
0
0
0
0
0
0
0
0
0
0
0
0.00168443
0
0.00187512
0
0
0.00321913
0
0.00575356
0
0
0
0
0
0
0
0
0.00867973
0
0
0
0
0
0
0
0
0
0
0
0
0
0
0
0
0
0
0
0
0
0
0
0
0
0
0
0
0
0
0
0
0
0
0
0
0
0
0
0.00323192
0
0
0
0.00323353
0.0268767
0
0
0
0.00290992
0
0
0
0
0
0
0
0
0
0
0
0
0
0
0
0
0
0
0
0
0
0
0
0
0
0.00657211
0
0.00709328
0
0
0.00327093
0
0
0
0.00710755
0
0
0
0
0
0
0
0
0
0
0.0066662
0
0
0
0
0
0
0
0
0
0
0
0
0.00237997
0
0
0
0
0
0.00460611
0
0.0233258
0
0
0
0
0
0
0.00262113
0.00297859
0
0
0
0
0.0139944
0
0
0
0
0.00606347
0
0
0
0
0
0.00189269
0
0.00694866
0
0
0
0
0
0
0.00336752
0
0
0.00243918
0
0
0
0
0
0
0
0
0
0
0
0
0
0
0
0
0
0
0.00836535
0
0
0.00266208
0.00254703
0
0.00394961
0.00316178
0
0
0
0.00303304
0.00713667
0.00334984
0
0
0
0
0
0
0
0
0
0
0
0
0
0
0
0
0
0.00493203
0
0
0
0
0
0
0
0.00471182
0
0.00494759
0
0.00611075
0
0
0.00469167
0
0
0
0
0
0
0.00306343
0
0
0
0
0.00166984
0
0
0
0.00613332
0.00687386
0.0270312
0.0510834
0.00139784
0
0
0
0
0
0
0
0
0
0
0
0
0.0063375
0
0.00317221
0.00355341
0.0138408
0
0.00500079
0.00890943
0.0236536
0
0
0.0018241
0
0
0
0
0
0
0
0
0
0.0027229
0
0.00390136
0
0
0
0
0
0
0
0
0
0
0.00301289
0
0
0.0136449
0
0
0
0.00208451
0
0
0
0
0
0
0
0
0
0
0
0
0.00421003
0.00241248
0
0.00613219
0
0.0106029
0
0
0
0
0
0
0.0426118
0
0
0
0
0
0.00330202
0.00387479
0
0
0
0
0.00955773
0
0.0270065
0
0.00280887
0
0
0.00235652
0.0286263
0.0128013
0
0.00338672
0.00566842
0
0
0.00947166
0.00680117
0
0
0
0.0126658
0
0.028565
0
0
0
0
0
0
0
0
0
0
0
0
0
0
0
0
0.0104414
0
0.00650828
0
0.00909912
0.00679339
0
0
0.00184344
0
0
0
0
0
0
0.00459912
0
0.00387978
0
0
0
0
0
0
0
0.00646009
0
0
0
0
0.00347374
0
0
0.00389137
0.00733478
0
0.00240881
0.0050399
0.00324827
0
0
0
0
0.00389708
0.00259112
0
0
0
0
0
0
0
0
0
0
0.00266381
0.00799624
0
0.00295474
0.00211687
0.0032679
0.0076193
0
0
0
0
0
0
0
0
0
0
0
0
0
0
0
0
0
0
0
0
0
0
0
0
0
0
0.00189755
0.00702417
0
0
0
0
0
0
0
0
0
0.0112567
0.00772702
0
0.00792767
0
0.00236724
0
0.00683156
0
0.0177282
0.00187876
0.00328206
0.0149554
0
0
0
0
0
0.00405388
0
0
0.00852089
0
0
0
0
0.00319601
0
0.0091746
0
0
0
0.00563833
0
0
0.0166448
0.00409726
0
0
0
0.00322419
0
0
0.00779111
0
0
0
0
0
0
0
0
0
0
0
0
0
0.0097685
0
0
0
0
0
0
0
0
0
0
0.0183086
0
0
0
0.0016736
0
0.0116913
0
0.0362788
0.00424437
0
0
0
0
0
0
0
0
0
0
0
0
0.00379358
0
0
0
0.00902582
0
0
0
0
0.00426104
0
0
0
0.0175268
0.0354481
0
0
0
0
0
0
0
0
0
0
0
0
0.0156024
0
0
0
0
0.00437869
0.0131806
0.0153625
0
0
0
0
0
0
0
0
0
0
0
0
0
0
0
0.00732933
0.00534342
0
0
0
0.00557838
0
0
0.0195509
0
0.0110917
0
0
0.00606184
0.0147702
0
0
0
0
0
0
0
0
0
0
0
0
0
0
0
0
0
0
0
0
0.00200712
0
0
0
0
0
0
0
0
0
0
0
0
0
0
0
0
0
0
0
0
0
0.00448425
0
0
0
0
0
0
0
0
0
0
0
0.00400813
0
0
0
0
0
0
0
0
0
0
0
0
0
0
0
0
0
0
0
0
0
0
0
0
0
0
0
0
0
0
0
0
0
0
0
0
0
0
0
0
0.00898085
0
0
0
0
0
0
0
0
0
0
0
0
0
0
0
0
0
0
0
0
0
0
0
0
0
0.00449662
0
0
0
0
0
0
0
0
0
0
0
0
0
0
0
0
0
0
0
0
0
0
0
0
0
0
0
0
0
0
0
0
0
0
0.00449972
0
0
0
0.00402197
0.00708712
0
0
0
0
0
0
0
0
0
0.00678669
0
0.00451845
0
0
0
0
0.0201936
0
0.0179394
0
0
0
0
0
0
0
0
0
0
0
0
0
0
0
0.00463115
0
0
0
0
0
0
0
0
0
0
0
0
0.0115501
0.0156445
0
0
0
0.00466768
0
0.00467102
0
0.00467437
0
0
0
0
0
0
0
0
0
0
0
0
0
0
0
0
0
0
0
0
0
0
0
0
0
0
0
0
0
0
0.00327535
0
0
0.0032777
0
0
0
0
0
0
0
0
0
0.00836839
0
0
0.0167609
0
0
0
0
0
0
0
0.00470474
0
0
0
0
0
0
0
0
0
0
0
0
0
0
0
0
0
0
0
0
0
0.00544401
0.00279994
0
0
0
0
0.00472181
0
0
0
0
0
0.0141757
0
0
0.00845962
0
0
0
0
0
0
0
0
0
0
0
0
0
0
0
0
0
0
0
0
0
0
0
0
0
0
0
0
0
0
0
0
0
0
0
0
0
0
0
0
0
0
0
0
0
0
0
0
0
0
0
0.0193522
0
0.00499003
0
0.058272
0.00731569
0
0.0551779
0
0
0.0134212
0
0
0
0
0
0
0
0
0
0
0
0
0.0205041
0
0
0
0
0
0.00795492
0
0.0226246
0
0
0.0130925
0
0
0
0
0.00966058
0
0
0
0
0.0117032
0
0
0.00806118
0
0
0
0
0
0
0
0
0
0.00971801
0
0.00973244
0
0
0
0
0
0
0.00578392
0
0
0.00909864
0
0
0
0
0
0
0
0.00676449
0
0.00974472
0
0
0
0
0
0
0
0.00986496
0.00987982
0.0358165
0
0
0
0
0
0
0
0.0139623
0
0
0
0
0
0
0
0
0
0.0461339
0
0
0
0
0
0
0
0
0.0101565
0
0
0
0
0.0101722
0.010188
0
0.0102039
0
0
0
0.00848999
0
0
0
0
0
0
0.063171
0
0
0
0
0
0
0
0.0637806
0
0
0
0
0
0
0
0.00671836
0
0
0
0
0
0
0
0
0.0109041
0
0
0
0
0
0
0
0
0
0
0
0
0
0
0
0
0
0
0
0.0109222
0
0
0
0
0
0
0.00520755
0
0
0
0
0
0
0.00824147
0
0.00768625
0
0
0
0
0.0294643
0
0
0
0
0
0
0
0
0
0
0
0
0
0
0
0
0
0
0
0
0.00800057
0
0.0275888
0
0
0.0108286
0
0
0
0
0.0281596
0
0
0
0
0.0217602
0
0.0585352
0
0
0.0102888
0
0
0
0.0115392
0
0
0.0103251
0
0
0
0
0
0
0
0
0
0
0
0
0
0
0.0174171
0
0
0
0.0193081
0.018343
0
0
0
0
0
0
0
0
0
0.0104542
0
0.0209457
0
0.00711704
0
0.0152127
0
0
0
0
0
0
0
0
0
0.0196568
0
0.0249421
0
0
0
0
0
0
0
0
0
0
0.00752816
0
0
0
0
0.0366259
0.0146289
0
0
0
0.0108421
0
0
0
0
0
0
0
0
0
0
0.00956353
0
0.0121835
0.0240787
0.0102554
0.0486326
0
0
0.0115197
0
0
0
0
0.0323499
0
0
0
0
0
0.00993297
0
0
0
0
0
0
0
0.0210261
0.00656706
0
0.024079
0
0
0.00826146
0
0
0
0.0192953
0
0.0837612
0
0
0.184063
0
0
0.0426541
0
0
0
0
0
0
0
0.0225399
0
0
0
0.0565973
0
0
0.0178137
0
0
0
0
0
0.0478632
0
0
0
0
0
0
0
0
0
0
0
0
0
0
0
0
0
0
0
0
0
0
0
0.111702
0
0
0
0
0
0.0173305
0
0
0
0.0176096
0
0.110741
0
0
0.0220538
0
0.0254049
0.0198047
0
0
0
0.318433
0
0.0635879
0
0.128353
0
0
0
0
0.0412306
0
0
0
0
0
0
0
0.117947
0.0559197
0
0
0
0
0
0.0411154
0
0
0
0
0
0
0
0
0
0
0
0
0
0
0
0
0
0
0.192326
0
0
0
0
0
0.0424588
0.136796
0
0
0.0886515
0
0.0471365
0.060745
0
0
0.176072
0
0.0680245
0.678791
0
0.406299
0
0
0
0
0
0
0
0
0
